index,y,p
0,1.0,0.9681134
3,1.0,0.9836391
6,1.0,0.9648221
7,1.0,0.9898289
10,1.0,0.86039996
11,1.0,0.9999571
12,1.0,0.9999651
13,1.0,0.99831355
14,1.0,0.9998648
15,1.0,0.9999906
28,1.0,0.99999523
29,0.0,0.98186606
30,1.0,0.999969
31,0.0,0.8197728
32,1.0,0.8783495
37,0.0,0.99998283
41,1.0,0.9998963
42,1.0,0.922661
46,1.0,0.9939674
54,1.0,0.7023047
56,0.0,0.9777469
67,1.0,0.9983004
70,0.0,0.07543272
71,0.0,0.013734283
72,1.0,0.95249206
76,1.0,0.71921605
78,1.0,0.99962723
79,1.0,0.8542349
94,1.0,0.9905222
105,1.0,0.12398041
106,1.0,0.9996625
108,1.0,0.9999945
126,1.0,0.96223366
130,1.0,0.9698518
133,1.0,0.9798248
138,1.0,0.90934336
142,0.0,0.33818787
145,1.0,0.83305806
154,1.0,0.8020224
155,1.0,0.998257
168,0.0,0.08735347
169,1.0,0.9996859
181,1.0,0.9999714
188,1.0,0.99948066
193,1.0,0.99986124
194,1.0,0.65359837
199,1.0,0.018478073
200,1.0,0.9521318
206,1.0,0.98738444
214,1.0,0.99769163
216,0.0,0.54112124
221,1.0,0.9988329
223,1.0,0.99981254
224,1.0,0.99991035
229,1.0,0.0826041
233,0.0,0.07899526
234,1.0,0.99998486
236,1.0,0.95701045
238,1.0,0.99999905
431,0.0,0.13585778
432,1.0,0.98709387
433,0.0,0.9526911
434,0.0,0.9688731
435,0.0,0.08406545
436,0.0,0.7566324
437,1.0,0.9961533
438,0.0,0.6854061
439,0.0,0.6843382
440,0.0,0.93785745
441,1.0,0.86230993
442,0.0,0.78642416
443,0.0,0.97007835
444,0.0,0.2388199
445,0.0,0.64184946
446,0.0,0.3640554
447,1.0,0.7158587
448,1.0,0.92440844
449,1.0,0.9642998
450,0.0,0.8166877
451,1.0,0.95984715
452,0.0,0.5298701
453,1.0,0.96882945
454,0.0,0.27153403
455,0.0,0.16247036
456,0.0,0.8747329
457,0.0,0.15873608
458,1.0,0.93287313
459,0.0,0.8328806
460,0.0,0.83906543
461,0.0,0.69540423
462,0.0,0.14593382
463,0.0,0.9238097
464,0.0,0.25829262
465,0.0,0.6514517
466,0.0,0.84337974
467,1.0,0.08323956
468,0.0,0.6073233
469,0.0,0.933606
470,0.0,0.8787792
471,1.0,0.39652407
472,1.0,0.96437985
473,0.0,0.95044106
474,1.0,0.8777444
475,0.0,0.7424524
476,0.0,0.9795338
477,1.0,0.96956676
478,0.0,0.8814687
479,1.0,0.9948862
480,0.0,0.95415103
481,0.0,0.95138437
482,0.0,0.7611642
483,0.0,0.9770783
484,0.0,0.5359083
485,0.0,0.87406975
486,0.0,0.50050586
487,0.0,0.38873488
488,0.0,0.8597868
489,0.0,0.3205614
490,1.0,0.18550923
491,0.0,0.43173972
492,1.0,0.90536004
493,0.0,0.4868736
494,0.0,0.849013
495,0.0,0.92439836
496,0.0,0.16314888
497,1.0,0.08475961
498,0.0,0.13669007
499,0.0,0.27663562
500,0.0,0.24461067
501,1.0,0.9753382
502,0.0,0.31802943
503,0.0,0.9088471
504,1.0,0.99952865
505,1.0,0.6901472
506,0.0,0.53868496
507,0.0,0.21017244
508,0.0,0.24794424
509,0.0,0.49455354
510,0.0,0.88214743
511,0.0,0.5930792
512,0.0,0.84603643
563,0.0,0.3914002
564,1.0,0.38681957
576,1.0,0.6685354
577,1.0,0.9849267
585,0.0,0.9973699
586,1.0,0.97529685
588,0.0,0.50290394
600,1.0,0.8822272
603,1.0,0.46928084
605,1.0,0.6838434
610,1.0,0.9547107
612,1.0,0.9790165
618,0.0,0.98675984
620,1.0,0.9712705
708,1.0,0.9022403
712,1.0,0.98816854
713,1.0,0.9030691
718,1.0,0.9975579
721,1.0,0.83580333
888,1.0,0.9988085
889,1.0,0.9998592
890,1.0,0.999121
891,1.0,0.999201
892,1.0,0.9991191
893,1.0,0.999476
894,1.0,0.9997416
895,1.0,0.9989672
896,1.0,0.999731
897,1.0,0.97700423
898,1.0,0.99366236
899,1.0,0.9810681
900,1.0,0.9891908
901,1.0,0.99495304
902,1.0,0.993022
903,1.0,0.95839715
904,1.0,0.9906944
905,1.0,0.9996068
906,0.0,0.9792965
907,0.0,0.99665654
908,1.0,0.9915059
909,1.0,0.9995765
910,1.0,0.97381943
911,0.0,0.98901725
912,1.0,0.91500914
913,1.0,0.9890564
914,1.0,0.9808741
915,1.0,0.98992413
916,1.0,0.9841414
917,1.0,0.98292094
918,1.0,0.98975104
919,1.0,0.9779498
920,1.0,0.9795319
921,1.0,0.9549008
922,1.0,0.99574655
923,1.0,0.9952716
924,1.0,0.9989889
925,1.0,0.9989285
926,1.0,0.9752146
927,1.0,0.97201914
928,1.0,0.6664988
929,1.0,0.9821859
930,1.0,0.988209
931,1.0,0.97856927
932,1.0,0.9712343
933,1.0,0.97546726
934,1.0,0.980978
935,1.0,0.9272227
936,1.0,0.9892545
937,1.0,0.8061553
938,1.0,0.92416286
939,1.0,0.9655249
940,1.0,0.99124956
941,1.0,0.9879886
942,1.0,0.9945903
943,1.0,0.9063253
944,1.0,0.9782843
945,1.0,0.9885061
946,0.0,0.9776244
947,1.0,0.99566615
948,1.0,0.9016723
949,1.0,0.9977811
950,1.0,0.82817656
951,1.0,0.98962855
952,1.0,0.9901309
953,1.0,0.9946032
954,1.0,0.9840763
955,0.0,0.99482477
956,1.0,0.995014
957,1.0,0.99107516
958,1.0,0.9490665
959,1.0,0.9995334
960,1.0,0.9842941
961,1.0,0.5849567
962,1.0,0.6387776
963,1.0,0.9799396
964,1.0,0.99646145
965,1.0,0.9841495
966,1.0,0.9960478
967,1.0,0.99576604
968,1.0,0.9787482
969,1.0,0.99446714
970,1.0,0.96215785
971,1.0,0.9407468
972,1.0,0.9998902
973,1.0,0.9990715
974,0.0,0.9955864
975,1.0,0.97720534
976,1.0,0.98996824
977,1.0,0.93043184
978,1.0,0.99948514
979,1.0,0.9973999
980,1.0,0.99051625
981,1.0,0.97930133
982,1.0,0.99703515
983,0.0,0.97612464
984,1.0,0.9696567
985,1.0,0.9429844
986,1.0,0.9976787
987,1.0,0.9748424
988,1.0,0.9936324
989,1.0,0.98988837
990,1.0,0.9903667
991,1.0,0.99644524
992,1.0,0.94385326
993,1.0,0.97892475
994,1.0,0.9201916
995,1.0,0.9995596
996,1.0,0.9793488
997,1.0,0.99554646
998,1.0,0.9876304
999,1.0,0.99737394
1000,0.0,0.9597573
1001,1.0,0.9987929
1002,1.0,0.6435389
1003,1.0,0.9918252
1004,1.0,0.9995977
1005,1.0,0.9975981
1006,1.0,0.9876516
1007,1.0,0.9308867
1008,1.0,0.91286564
1009,1.0,0.98477745
1010,1.0,0.9745291
1011,0.0,0.9972018
1012,0.0,0.9717056
1013,1.0,0.9801381
1014,1.0,0.9513701
1015,0.0,0.9945162
1016,1.0,0.9981883
1017,1.0,0.9320989
1018,1.0,0.97153914
1019,0.0,0.9524049
1020,1.0,0.9587513
1021,1.0,0.9475395
1022,1.0,0.99844676
1023,1.0,0.9807585
1024,1.0,0.9589387
1025,1.0,0.9918189
1026,1.0,0.9515323
1027,1.0,0.99646264
1028,1.0,0.9972615
1029,1.0,0.94121027
1030,1.0,0.9703554
1031,1.0,0.983401
1032,1.0,0.99398094
1033,1.0,0.987844
1034,1.0,0.978865
1035,0.0,0.9753446
1036,1.0,0.9896771
1037,0.0,0.9730998
1038,1.0,0.9958973
1039,1.0,0.9546732
1040,1.0,0.99199635
1041,1.0,0.9610031
1042,1.0,0.9846281
1043,1.0,0.98899835
1044,1.0,0.99468625
1045,1.0,0.9912225
1046,1.0,0.9938021
1047,1.0,0.96054715
1048,1.0,0.9547768
1049,1.0,0.9817184
1050,1.0,0.9972887
1051,1.0,0.9875372
1052,1.0,0.9213501
1053,1.0,0.99569535
1054,1.0,0.99098235
1055,1.0,0.9947777
1056,1.0,0.9758394
1057,1.0,0.9760968
1058,0.0,0.994825
1059,1.0,0.9992449
1060,1.0,0.9978795
1061,1.0,0.93163204
1062,1.0,0.99825424
1063,1.0,0.97225606
1064,0.0,0.99416393
1065,1.0,0.94089174
1066,1.0,0.97403765
1067,1.0,0.98871326
1068,1.0,0.9927452
1069,0.0,0.8350686
1070,1.0,0.9846133
1071,1.0,0.92701286
1072,1.0,0.97744703
1073,1.0,0.93744516
1074,1.0,0.9980344
1075,1.0,0.9998679
1076,1.0,0.98288053
1077,0.0,0.82830715
1078,1.0,0.74219257
1079,1.0,0.946862
1080,1.0,0.97235084
1081,1.0,0.77929664
1082,0.0,0.9448808
1083,1.0,0.98872757
1084,1.0,0.9952336
1085,1.0,0.85983235
1086,1.0,0.894228
1087,1.0,0.9890994
1088,0.0,0.93351763
1089,1.0,0.7600413
1090,1.0,0.9881483
1091,1.0,0.7182723
1092,1.0,0.99995124
1093,1.0,0.99867886
1094,1.0,0.98239946
1095,1.0,0.9416784
1096,1.0,0.91530687
1097,1.0,0.9769184
1098,1.0,0.9956644
1099,1.0,0.98594207
1100,1.0,0.9935737
1101,1.0,0.9106244
1102,1.0,0.9157022
1103,0.0,0.75963444
1104,1.0,0.7727448
1105,1.0,0.99828523
1106,1.0,0.97659737
1107,1.0,0.9867269
1108,0.0,0.9534598
1109,1.0,0.8395446
1110,1.0,0.9978104
1111,1.0,0.96850187
1112,0.0,0.86046785
1113,1.0,0.9759016
1114,0.0,0.40733594
1115,1.0,0.9906266
1116,1.0,0.9058577
1117,1.0,0.9968322
1118,1.0,0.9505237
1119,1.0,0.9977843
1120,1.0,0.97800064
1121,0.0,0.7647107
1122,1.0,0.999635
1123,1.0,0.9916984
1124,1.0,0.9990157
1125,0.0,0.33440143
1126,1.0,0.9662996
1127,1.0,0.88136333
1128,1.0,0.8316918
1129,1.0,0.9618151
1130,1.0,0.809556
1131,1.0,0.96211934
1132,1.0,0.9592713
1133,1.0,0.99727976
1134,1.0,0.9750254
1135,1.0,0.9989864
1136,1.0,0.9624462
1137,1.0,0.997159
1138,1.0,0.91987056
1139,0.0,0.9623448
1140,1.0,0.999278
1141,1.0,0.99961036
1142,1.0,0.98926896
1143,1.0,0.9992448
1144,1.0,0.9967728
1145,1.0,0.98377335
1146,1.0,0.988298
1147,1.0,0.9719445
1148,1.0,0.9907822
1149,1.0,0.9661313
1150,1.0,0.92080873
1151,1.0,0.99487585
1152,1.0,0.99866474
1153,1.0,0.9785841
1154,1.0,0.8484296
1155,1.0,0.99902606
1156,1.0,0.97900546
1157,0.0,0.978538
1158,1.0,0.99046993
1159,1.0,0.9561136
1160,1.0,0.98031825
1161,0.0,0.75103384
1162,1.0,0.9767036
1163,1.0,0.9953011
1164,1.0,0.98350453
1165,1.0,0.970381
1166,1.0,0.96178335
1167,1.0,0.99521613
1168,1.0,0.9737838
1169,1.0,0.90864474
1170,1.0,0.9999728
1171,1.0,0.84025025
1172,1.0,0.99785596
1173,1.0,0.97807467
1174,0.0,0.99392843
1175,1.0,0.98207724
1176,1.0,0.994371
1177,1.0,0.9875502
1178,1.0,0.9801633
1179,1.0,0.9958568
1180,1.0,0.9884058
1181,1.0,0.82835895
1182,1.0,0.9715205
1183,1.0,0.9950158
1184,1.0,0.98297244
1185,1.0,0.9868483
1186,1.0,0.9936167
1187,1.0,0.99100846
1188,1.0,0.9999541
2728,1.0,0.9992939
2729,1.0,0.99315685
2730,1.0,0.9976547
2731,1.0,0.99960536
2732,1.0,0.99964285
2733,1.0,0.99999607
2734,1.0,0.9989096
2735,1.0,0.99983203
2736,1.0,0.9973023
2737,1.0,0.99998057
2738,1.0,0.99920374
2739,1.0,0.9993662
2740,1.0,0.9997789
2741,1.0,0.99987626
2742,1.0,0.9995666
2743,1.0,0.9998074
2744,1.0,0.9999944
2745,1.0,0.99860495
2746,1.0,0.99439406
2747,1.0,0.99833894
2748,1.0,0.99166507
2749,1.0,0.9984915
2750,1.0,0.9998273
2751,1.0,0.99573874
2752,1.0,0.99998677
2753,1.0,0.9999918
2754,1.0,0.9995346
2755,1.0,0.9995339
2756,1.0,0.9967068
2757,1.0,0.9997404
2758,1.0,0.9840089
2759,1.0,0.99954295
2760,1.0,0.999754
2761,1.0,0.99940073
2762,1.0,0.9978637
2763,1.0,0.9995078
2764,1.0,0.9997669
2765,1.0,0.9984255
2766,1.0,0.99078465
2767,1.0,0.99721056
2768,1.0,0.9977532
2769,1.0,0.99681705
2770,1.0,0.98503834
2771,1.0,0.9858066
2772,1.0,0.9799457
2773,1.0,0.9969181
2774,1.0,0.9921136
2775,1.0,0.99952805
2776,1.0,0.99905866
2777,1.0,0.9992501
2778,1.0,0.99994624
2779,1.0,0.9891661
2780,1.0,0.9910527
2781,1.0,0.9695052
2782,1.0,0.9262731
2783,1.0,0.8618095
2784,1.0,0.9838208
2785,1.0,0.9908331
2786,1.0,0.9517491
2787,1.0,0.98574847
2788,1.0,0.79255784
2789,1.0,0.9907363
2790,1.0,0.8471049
2791,1.0,0.96853805
2792,1.0,0.98833257
2793,1.0,0.9770568
2794,1.0,0.98764867
2795,1.0,0.956202
2796,1.0,0.9971015
2797,1.0,0.9983278
2798,1.0,0.85853684
2799,1.0,0.9811034
2800,1.0,0.9434976
2801,1.0,0.9984621
2802,1.0,0.997274
2803,1.0,0.7677492
2804,1.0,0.99750274
2805,1.0,0.9995943
2806,1.0,0.99607396
2807,1.0,0.999509
2808,1.0,0.9993267
2809,1.0,0.9996804
2810,1.0,0.99992275
2811,1.0,0.999946
2812,1.0,0.9994369
2813,1.0,0.9998318
2814,1.0,0.8173339
2815,1.0,0.98640406
2816,1.0,0.7476838
2817,1.0,0.9761332
2818,1.0,0.94288254
2819,1.0,0.87556547
2820,0.0,0.9520754
2821,1.0,0.9061907
2822,1.0,0.9774399
2823,1.0,0.92678696
2824,1.0,0.9633667
2825,1.0,0.51253647
2826,1.0,0.9670989
2827,1.0,0.99151635
2828,1.0,0.9670255
2829,1.0,0.98745835
2830,1.0,0.95898235
2831,1.0,0.97242314
2832,1.0,0.9854816
2833,1.0,0.99991786
2834,1.0,0.97840756
2835,1.0,0.88499546
2836,1.0,0.9928415
2837,1.0,0.71595347
2838,1.0,0.9810558
2839,1.0,0.9997899
2840,1.0,0.99457234
2841,1.0,0.9985544
2842,1.0,0.97986495
2843,1.0,0.99369955
2844,1.0,0.88385457
2845,1.0,0.9989267
2846,1.0,0.89654124
2847,0.0,0.44735587
2848,1.0,0.9237741
2849,1.0,0.8786124
2850,0.0,0.8186379
2851,1.0,0.98369527
2852,1.0,0.9319376
2853,0.0,0.8423373
2854,1.0,0.77666384
2855,1.0,0.92598146
2856,1.0,0.9293069
2857,0.0,0.96612006
2858,1.0,0.9535992
2859,1.0,0.9327719
2860,1.0,0.9503662
2861,1.0,0.98490036
2862,1.0,0.8658235
2863,1.0,0.9006548
2864,1.0,0.9191305
2865,1.0,0.9018376
2866,1.0,0.9993857
2867,1.0,0.80013204
2868,1.0,0.9781822
2869,1.0,0.8859314
2870,1.0,0.9341306
2871,1.0,0.8926713
2872,1.0,0.9988476
2873,1.0,0.91436136
2874,1.0,0.9914949
2875,1.0,0.98354614
2876,1.0,0.9388331
2877,1.0,0.95130676
2878,1.0,0.99154025
2879,1.0,0.98930526
2880,1.0,0.9731222
2881,0.0,0.968362
2882,1.0,0.9938817
2883,1.0,0.9971734
2884,1.0,0.96931165
2885,1.0,0.98713535
2886,1.0,0.9732353
2887,1.0,0.9594471
2888,1.0,0.98538566
2889,0.0,0.9454828
2890,1.0,0.96165633
2891,1.0,0.9607587
2892,1.0,0.9907526
2893,1.0,0.99924254
2894,1.0,0.9989938
2895,0.0,0.98457056
2896,1.0,0.99039245
2897,1.0,0.9349576
2898,1.0,0.9861639
2899,0.0,0.9977695
2900,1.0,0.9632363
2901,1.0,0.99848986
2902,1.0,0.97455955
2903,1.0,0.9845099
2904,1.0,0.9797553
2905,1.0,0.99678457
2906,1.0,0.9649478
2907,1.0,0.977353
2908,1.0,0.99128133
2909,0.0,0.9347806
2910,1.0,0.89978623
2911,1.0,0.9411078
2912,1.0,0.9224253
2913,1.0,0.9538294
2914,0.0,0.84362286
2915,1.0,0.9158515
2916,1.0,0.97599936
2917,1.0,0.99193245
2918,1.0,0.8963657
2919,0.0,0.977718
2920,1.0,0.91966486
2921,1.0,0.99770445
2922,1.0,0.8905363
2923,1.0,0.9762675
2924,1.0,0.9898136
2925,1.0,0.84677136
2926,1.0,0.9363397
2927,1.0,0.9143898
2928,1.0,0.8740998
2929,1.0,0.9599835
2930,1.0,0.9206085
2931,1.0,0.9605677
2932,1.0,0.9655754
2933,1.0,0.98192364
2934,1.0,0.9932376
2935,1.0,0.9905003
2936,1.0,0.9757312
2937,1.0,0.962127
2938,1.0,0.99867487
2939,1.0,0.99633044
2940,1.0,0.9985948
2941,0.0,0.9408641
2942,1.0,0.7786149
2943,1.0,0.9885206
2944,1.0,0.9680766
2945,1.0,0.9017068
2946,1.0,0.9944149
2947,1.0,0.9494115
2948,1.0,0.9964302
2949,1.0,0.97904027
2950,1.0,0.9827406
2951,0.0,0.8465812
2952,1.0,0.9948331
2953,1.0,0.9499988
2954,1.0,0.9055428
2955,1.0,0.9617506
2956,1.0,0.99960846
2957,1.0,0.99794537
2958,1.0,0.99861526
2959,1.0,0.9705338
2960,1.0,0.9556509
2961,0.0,0.933071
2962,1.0,0.9729654
2963,1.0,0.9922746
2964,0.0,0.9500191
2965,1.0,0.93004715
2966,1.0,0.91539174
2967,1.0,0.9612175
2968,1.0,0.97311586
2969,0.0,0.98199373
2970,0.0,0.970409
2971,1.0,0.99711263
2972,1.0,0.9905618
2973,1.0,0.88471353
2974,1.0,0.9939376
2975,1.0,0.98969764
2976,1.0,0.9488153
2977,0.0,0.98009896
2978,1.0,0.99852824
2979,1.0,0.95940363
2980,0.0,0.94026554
2981,1.0,0.96698105
2982,1.0,0.9699913
2983,0.0,0.9776138
2984,1.0,0.9084974
2985,1.0,0.96105707
2986,1.0,0.999134
2987,1.0,0.9380274
2988,1.0,0.9264118
2989,1.0,0.9599964
2990,1.0,0.9998
2991,1.0,0.9987281
2992,1.0,0.99539375
2993,1.0,0.93703794
2994,1.0,0.9696138
3331,1.0,0.74238086
3332,1.0,0.8845544
3333,1.0,0.32787463
3334,1.0,0.5582354
3335,1.0,0.59241223
3336,1.0,0.8252453
3337,1.0,0.8671767
3338,1.0,0.6223848
3339,1.0,0.8510746
3340,0.0,0.37594378
3341,1.0,0.8947981
3342,1.0,0.48968777
3343,1.0,0.24275155
3344,1.0,0.8408418
3345,1.0,0.97715217
3346,1.0,0.5102136
3347,1.0,0.29348662
3348,1.0,0.6044273
3349,0.0,0.44182825
3350,1.0,0.47198614
3351,1.0,0.07701605
3352,1.0,0.39185527
3353,1.0,0.9046865
3354,1.0,0.5100687
3355,1.0,0.6304622
3356,1.0,0.1282695
3357,1.0,0.28528804
3358,1.0,0.71722835
3359,1.0,0.10642972
3360,1.0,0.8693266
3361,1.0,0.32855743
3362,1.0,0.4674509
3363,1.0,0.6376052
3364,1.0,0.48060068
3365,1.0,0.8222891
3366,1.0,0.8093932
3367,1.0,0.8076701
3368,1.0,0.7606089
3369,0.0,0.32743722
3370,1.0,0.78384125
3371,1.0,0.7820709
3372,1.0,0.80089885
3373,1.0,0.38361284
3374,1.0,0.62502176
3375,1.0,0.94976926
3376,1.0,0.65935993
3377,0.0,0.59393966
3378,0.0,0.3031775
3379,1.0,0.8170887
3380,0.0,0.3435736
3381,0.0,0.33872548
3382,1.0,0.9068374
3383,1.0,0.63102776
3384,1.0,0.88687354
3385,1.0,0.68474823
3386,1.0,0.75659376
3387,1.0,0.87443334
3388,1.0,0.8350744
3389,1.0,0.87432015
3390,1.0,0.5676225
3391,1.0,0.6996927
3392,1.0,0.73369324
3393,1.0,0.052884873
3394,0.0,0.062456436
3395,1.0,0.89184815
3396,0.0,0.3793274
3397,1.0,0.9336095
3398,1.0,0.6750508
3399,1.0,0.7628117
3400,1.0,0.5587042
3401,1.0,0.49650472
3402,1.0,0.7639728
3403,1.0,0.5093957
3404,1.0,0.12797488
3405,1.0,0.8944874
3406,1.0,0.8754187
3407,0.0,0.28919187
3408,1.0,0.68682474
3409,1.0,0.7984323
3410,1.0,0.69609296
3411,1.0,0.8449886
3412,1.0,0.7712299
3413,1.0,0.81120306
3414,1.0,0.8552224
3415,1.0,0.69809586
3416,1.0,0.8128426
3417,0.0,0.4286337
3418,1.0,0.35907724
3419,1.0,0.82222927
3420,1.0,0.8192321
3421,0.0,0.19488478
3422,1.0,0.962368
3423,1.0,0.8584632
3424,0.0,0.36746612
3425,1.0,0.92572457
3426,1.0,0.7982675
3427,1.0,0.86171246
3428,1.0,0.7044263
3429,1.0,0.7136949
3430,1.0,0.6103884
3431,1.0,0.12934548
3432,1.0,0.16872011
3433,0.0,0.059975863
3434,1.0,0.07715865
3435,0.0,0.05824361
3436,1.0,0.17983381
3437,1.0,0.352449
3438,1.0,0.10800683
3439,1.0,0.91833025
3440,1.0,0.9682528
3441,1.0,0.1552779
3442,1.0,0.8427744
3443,1.0,0.69244003
3444,1.0,0.687095
3445,1.0,0.59725296
3446,1.0,0.65560126
3447,1.0,0.852981
3448,1.0,0.053455878
3449,1.0,0.48043498
3450,1.0,0.58556837
3451,1.0,0.6814054
3452,0.0,0.056210075
3453,1.0,0.9987859
3454,1.0,0.99933296
3455,1.0,0.11233655
3456,1.0,0.015651487
3457,1.0,0.05642434
3458,0.0,0.35690096
3459,1.0,0.08980389
3460,1.0,0.99838054
3461,1.0,0.9992551
3462,1.0,0.02215604
3463,1.0,0.028079499
3464,0.0,0.1844808
3465,1.0,0.028238285
3466,1.0,0.024924316
3467,1.0,0.99977344
3468,1.0,0.99969923
3469,1.0,0.6728862
3470,1.0,0.9719553
3471,1.0,0.99279344
3472,1.0,0.99689996
3473,1.0,0.9282359
3474,1.0,0.7868649
3475,1.0,0.7213328
3476,1.0,0.42592117
3477,1.0,0.33976012
3478,1.0,0.19274552
3479,1.0,0.77101254
3480,1.0,0.30250418
3481,1.0,0.8211989
3482,1.0,0.72325885
3483,0.0,0.8419521
3484,0.0,0.12727216
3485,0.0,0.13265993
3486,1.0,0.9375769
3487,1.0,0.9762138
3488,1.0,0.9744664
3489,1.0,0.739086
3490,1.0,0.7343998
3491,1.0,0.12029556
3492,1.0,0.53859824
3493,1.0,0.88284224
3494,1.0,0.05380043
3495,1.0,0.46104294
3496,1.0,0.018773787
3497,1.0,0.48536944
3498,1.0,0.6013953
3499,1.0,0.19268556
3500,1.0,0.7809664
3501,1.0,0.95184153
3502,1.0,0.016041351
3503,1.0,0.86917835
3504,1.0,0.8958572
3505,1.0,0.65988696
3506,1.0,0.96394676
3507,1.0,0.4821417
3508,0.0,0.2123365
3509,1.0,0.7217603
3510,1.0,0.6122878
3511,1.0,0.45628366
3512,1.0,0.390009
3513,0.0,0.038802087
3514,1.0,0.8073124
3515,1.0,0.8641179
3516,1.0,0.8436997
3517,1.0,0.9330927
3518,0.0,0.07056815
3519,1.0,0.51854986
3520,1.0,0.950978
3521,1.0,0.9340238
3522,0.0,0.41334835
3523,1.0,0.409601
3524,1.0,0.72411096
3525,1.0,0.983196
3526,1.0,0.6430909
3527,1.0,0.8327012
3528,1.0,0.51041996
3529,1.0,0.4747416
3530,1.0,0.43669742
3531,1.0,0.18130429
3532,1.0,0.96197903
3533,1.0,0.36282837
3534,1.0,0.6200196
3535,1.0,0.2850987
3536,1.0,0.10578308
3537,1.0,0.6204993
3538,1.0,0.43076432
3539,1.0,0.86302614
3540,1.0,0.18669105
3541,0.0,0.28339046
3542,1.0,0.37505817
3543,0.0,0.5357709
3544,1.0,0.4517884
3545,1.0,0.910119
3546,1.0,0.401841
3547,1.0,0.9374323
3548,1.0,0.18897581
3549,1.0,0.39881912
3550,1.0,0.5725709
3551,1.0,0.7137946
3552,1.0,0.5941428
3553,1.0,0.8704659
3554,1.0,0.40815917
3555,1.0,0.25012305
3556,1.0,0.94838506
3557,1.0,0.21656632
3558,1.0,0.4863018
3559,1.0,0.84236926
3560,0.0,0.33617514
3561,1.0,0.0446479
3562,1.0,0.3630933
3563,0.0,0.47392935
3564,1.0,0.7872264
3565,1.0,0.96556306
3566,1.0,0.9985341
3567,1.0,0.9927598
3568,1.0,0.984395
3569,1.0,0.99499243
3570,1.0,0.9601316
3571,1.0,0.99100983
3572,1.0,0.9905567
3573,0.0,0.9192682
3574,1.0,0.87649375
3575,1.0,0.97410244
3576,1.0,0.9564474
3577,1.0,0.97440636
3578,1.0,0.9561742
3579,1.0,0.90159833
3580,1.0,0.9745558
3581,1.0,0.95197266
3582,1.0,0.93374777
3583,1.0,0.9229732
3584,0.0,0.7076032
3585,1.0,0.94984573
3586,0.0,0.9766774
3587,1.0,0.93216
3588,1.0,0.97455615
3589,1.0,0.9715659
3590,1.0,0.95246243
3591,1.0,0.9958825
3592,1.0,0.9382827
3593,1.0,0.9158294
3594,1.0,0.976127
3595,1.0,0.93966866
3596,1.0,0.78375965
3597,1.0,0.973256
3598,1.0,0.3194059
3599,1.0,0.98974025
3600,1.0,0.9863645
3601,1.0,0.9376239
3602,1.0,0.92322654
3603,1.0,0.6837697
3604,1.0,0.97856414
3605,1.0,0.94251174
3606,1.0,0.6519687
3607,1.0,0.91352314
3608,1.0,0.97599936
3609,1.0,0.9235384
3610,1.0,0.9680204
3611,1.0,0.95240957
3612,1.0,0.9538559
3613,1.0,0.9136406
3614,1.0,0.945974
3615,1.0,0.86269236
3616,1.0,0.85061073
3617,1.0,0.6233102
3618,1.0,0.8758025
3619,1.0,0.9430748
3620,1.0,0.8380946
3621,1.0,0.9257951
3622,1.0,0.9526635
3623,1.0,0.9019713
3624,1.0,0.9397415
3625,0.0,0.926934
3626,1.0,0.88748777
3627,1.0,0.96271574
3628,1.0,0.9725709
3629,1.0,0.95735306
3630,1.0,0.97851115
3631,1.0,0.9847697
3632,1.0,0.99745804
3633,1.0,0.91908646
3634,1.0,0.9831218
3635,1.0,0.96115166
3636,1.0,0.9495167
3637,1.0,0.93885094
3638,1.0,0.99366534
3639,1.0,0.996837
3640,1.0,0.99224675
3641,1.0,0.98758566
3642,1.0,0.99742174
3643,1.0,0.9959247
3644,1.0,0.9636616
3645,1.0,0.53934556
3646,1.0,0.9994665
3647,1.0,0.99772555
3648,1.0,0.9532727
3649,1.0,0.92377746
3650,0.0,0.9037902
3651,1.0,0.9283019
3652,1.0,0.9791351
3653,1.0,0.9987275
3654,1.0,0.9998056
3655,1.0,0.95969194
3656,1.0,0.9223029
3657,1.0,0.9589817
3658,1.0,0.99643034
3659,1.0,0.9269336
3660,1.0,0.9998586
3661,1.0,0.99975353
3662,1.0,0.9564247
3663,1.0,0.97851825
3664,1.0,0.93975705
3665,1.0,0.86793256
3666,1.0,0.9991984
3667,1.0,0.9851119
3668,1.0,0.99485826
3669,1.0,0.9795105
3670,1.0,0.8672121
3671,1.0,0.9995906
3672,1.0,0.9798139
3673,1.0,0.97759044
3674,1.0,0.9952685
3675,1.0,0.9235289
3676,1.0,0.77623445
3677,1.0,0.96729904
3678,1.0,0.9651238
3679,0.0,0.935816
3680,1.0,0.99928576
3681,1.0,0.9413536
3682,1.0,0.98582524
3683,1.0,0.99467295
3684,1.0,0.99619746
3685,1.0,0.86257285
3686,1.0,0.9580819
3687,1.0,0.9416383
3688,1.0,0.8750739
3689,1.0,0.9771205
3690,0.0,0.7965879
3691,1.0,0.9877253
3692,1.0,0.9670106
3693,0.0,0.81848574
3694,1.0,0.9375338
3695,1.0,0.990655
3696,1.0,0.9919328
3697,1.0,0.9837922
3698,1.0,0.86010426
3699,1.0,0.9986223
3700,1.0,0.9987509
3701,0.0,0.6381459
3702,1.0,0.94642794
3703,1.0,0.9990144
3704,1.0,0.98048544
3705,1.0,0.6229393
3706,1.0,0.99818677
3707,1.0,0.76778215
3708,1.0,0.9371285
3709,1.0,0.981201
3776,1.0,0.99866545
3777,1.0,0.9992829
3778,1.0,0.99842024
3779,1.0,0.99782145
3780,1.0,0.9917203
3781,1.0,0.9728324
3782,1.0,0.9878015
3783,1.0,0.9992422
3784,1.0,0.9152741
3785,1.0,0.9989017
3786,1.0,0.9748668
3787,1.0,0.9977337
3788,1.0,0.95832413
3789,1.0,0.98721606
3790,1.0,0.9983297
3791,1.0,0.8978227
3792,1.0,0.99901533
3793,1.0,0.9985336
3794,1.0,0.9978509
3795,1.0,0.90087247
3796,1.0,0.98704785
3797,1.0,0.9998585
3798,1.0,0.9969496
3799,1.0,0.99805415
3800,1.0,0.9815735
3801,1.0,0.9974776
3802,1.0,0.99619955
3803,1.0,0.99325424
3804,1.0,0.99820197
3805,1.0,0.9989292
3806,1.0,0.9977984
3807,1.0,0.9994967
3808,1.0,0.99867815
3809,1.0,0.99862385
3810,1.0,0.9998739
3811,1.0,0.99629766
3812,1.0,0.9960121
3813,1.0,0.9999933
3814,1.0,0.9999963
3815,1.0,0.96540123
3816,1.0,0.9980246
3817,1.0,0.99938166
3818,1.0,0.7927785
3819,1.0,0.99986327
3820,1.0,0.9051339
3821,1.0,0.9981957
3822,1.0,0.9999647
3823,1.0,0.964298
3824,1.0,0.9991998
3825,1.0,0.8361338
3826,1.0,0.99153507
3827,1.0,0.9966273
3828,1.0,0.9998684
3829,1.0,0.99915636
3830,1.0,0.99924684
3831,0.0,0.9982009
3832,1.0,0.93129563
3833,1.0,0.9856505
3834,1.0,0.9992155
3835,1.0,0.9996327
3836,1.0,0.99685967
3837,1.0,0.71142316
3838,1.0,0.99431497
3839,1.0,0.9991159
3840,1.0,0.9994868
3841,1.0,0.99917537
3842,1.0,0.9986858
3843,1.0,0.99881244
3844,1.0,0.9996681
3845,1.0,0.99874026
3846,1.0,0.99943537
3847,1.0,0.99921167
3848,1.0,0.9996686
4646,1.0,0.97832495
4647,1.0,0.98007005
4648,1.0,0.96091795
4649,1.0,0.8933515
4650,1.0,0.8830827
4651,1.0,0.94817257
4652,1.0,0.8853199
4653,1.0,0.96011
4654,1.0,0.899049
4655,0.0,0.97277766
4656,0.0,0.7663134
4657,1.0,0.1385025
4658,1.0,0.5112275
4659,1.0,0.94238883
4660,0.0,0.8404167
4661,1.0,0.123755515
4662,1.0,0.999398
4663,1.0,0.9979473
4664,1.0,0.9573159
4665,1.0,0.7773909
4666,1.0,0.9714702
4667,1.0,0.9971564
4668,1.0,0.97006655
4669,1.0,0.9293435
4670,1.0,0.97502863
4671,1.0,0.9613778
4672,0.0,0.4711239
4673,1.0,0.79027456
4674,0.0,0.8928013
4675,1.0,0.91554683
4676,1.0,0.99951863
4677,1.0,0.89482075
4678,1.0,0.88696295
4679,1.0,0.87337935
4680,1.0,0.9195956
4681,1.0,0.98635536
4682,1.0,0.97548383
4683,1.0,0.9998803
4684,1.0,0.9328462
4688,1.0,0.9734538
4689,1.0,0.98476875
4690,1.0,0.9567895
4691,1.0,0.9446306
4692,1.0,0.9728171
4693,1.0,0.9546927
4694,1.0,0.9840067
4695,1.0,0.86676806
4696,1.0,0.9988887
4697,1.0,0.8604928
4698,1.0,0.968406
4699,1.0,0.9235046
4700,1.0,0.93021995
4701,0.0,0.98904127
4702,1.0,0.99026847
4703,1.0,0.99146724
4704,1.0,0.97811574
4705,1.0,0.9574517
4706,1.0,0.93290967
4707,1.0,0.9625344
4708,1.0,0.9575023
4709,1.0,0.94698864
4710,1.0,0.9426417
4711,1.0,0.9650697
4712,1.0,0.9076866
4713,1.0,0.86951
4714,1.0,0.97988063
4715,1.0,0.98711896
4716,1.0,0.931633
4717,1.0,0.9738119
4718,0.0,0.9839829
4719,1.0,0.92015374
4720,1.0,0.90566033
4721,1.0,0.9176905
4722,1.0,0.97917515
4723,1.0,0.9087147
4724,1.0,0.9246081
4725,1.0,0.964003
4726,1.0,0.9352279
4727,1.0,0.9895328
4728,1.0,0.99638224
4729,1.0,0.98171705
4730,1.0,0.9475287
4731,1.0,0.9031054
4732,1.0,0.96677244
4733,1.0,0.8457572
4734,0.0,0.6297885
4735,0.0,0.9397515
4736,1.0,0.95698655
4737,1.0,0.95379585
4738,1.0,0.93070966
4739,1.0,0.99814713
4740,1.0,0.8803162
4741,1.0,0.6529504
4742,1.0,0.95172274
4743,1.0,0.74911475
4744,1.0,0.7466619
4745,1.0,0.74372554
4746,1.0,0.6729093
4747,1.0,0.99473476
4748,1.0,0.9765638
4749,1.0,0.9790916
4750,1.0,0.9779783
4751,1.0,0.991748
4752,1.0,0.93768567
4753,1.0,0.83087516
4754,1.0,0.9170467
4755,1.0,0.9086526
4756,1.0,0.9489821
4757,1.0,0.998982
4758,1.0,0.9999907
4759,1.0,0.999767
4760,1.0,0.9974281
4761,1.0,0.98288375
4762,1.0,0.9999864
4763,1.0,0.93848115
4764,1.0,0.999668
4765,1.0,0.88278544
4766,1.0,0.9999379
4767,1.0,0.9256623
4768,1.0,0.99641126
4769,1.0,0.99902976
4770,1.0,0.51500475
4771,1.0,0.92718285
4772,1.0,0.99887854
4773,1.0,0.9945693
4774,1.0,0.97228277
4775,1.0,0.98731893
4776,1.0,0.99792814
4777,1.0,0.99959916
4778,1.0,0.97815657
4779,1.0,0.9517477
4780,1.0,0.9815726
4781,1.0,0.9930375
4782,1.0,0.9900932
4783,1.0,0.9965502
4784,1.0,0.99999964
4785,1.0,0.9916385
4786,1.0,0.99957675
4787,1.0,0.9987664
4788,1.0,0.99999964
4789,1.0,0.9970094
4790,1.0,0.9972579
4791,1.0,0.9988856
4792,1.0,0.99878865
4793,1.0,0.99922955
4794,1.0,0.99335575
4795,1.0,0.9986486
4796,1.0,0.98948914
4797,1.0,0.91960114
4798,1.0,0.9999869
4799,1.0,0.99936754
4800,1.0,0.99984515
4801,1.0,0.9704816
4802,1.0,0.99624497
5314,1.0,0.99998295
5328,1.0,0.99924123
5330,1.0,0.9983334
5331,1.0,0.99885154
5333,1.0,0.99794215
5352,1.0,0.9998499
5353,1.0,0.9969703
5354,1.0,0.99962866
5355,1.0,0.9998425
5356,1.0,0.99070287
5370,1.0,0.9625995
5372,1.0,0.94038844
5374,1.0,0.9998185
5375,1.0,0.9996536
5400,1.0,0.99926776
5403,1.0,0.9994894
5407,1.0,0.9961612
5418,1.0,0.9869767
5421,1.0,0.99910754
5422,1.0,0.9974994
5423,1.0,0.999716
5424,1.0,0.9489387
5425,1.0,0.9776585
5426,1.0,0.9972927
5427,1.0,0.99544686
5428,1.0,0.9898907
5429,1.0,0.9960908
5430,1.0,0.9926346
5431,1.0,0.92595756
5432,1.0,0.99450535
5433,1.0,0.99852496
5434,1.0,0.9989141
5435,1.0,0.99958056
5436,1.0,0.99933976
5437,1.0,0.97968334
5438,1.0,0.986148
5439,1.0,0.9179043
5440,1.0,0.995061
5441,1.0,0.98763764
5442,1.0,0.9999976
5443,1.0,0.9989236
5444,0.0,0.9998766
5445,1.0,0.99999607
5465,1.0,0.9937337
5466,1.0,0.9983708
5467,1.0,0.99510777
5468,1.0,0.9923111
5469,1.0,0.9951357
5470,1.0,0.97314566
5471,1.0,0.9792685
5472,1.0,0.85288495
5660,0.0,0.093382664
5661,0.0,0.09499864
5662,0.0,0.07416702
5663,0.0,0.071241856
5664,0.0,0.06338594
5665,0.0,0.06504186
5666,0.0,0.065325975
5667,0.0,0.06601471
5668,0.0,0.06711587
5669,0.0,0.050694775
5670,0.0,0.04179314
5671,0.0,0.0598223
5672,0.0,0.076623276
5673,0.0,0.21388698
5674,0.0,0.1515779
5675,0.0,0.22570261
5676,0.0,0.15115535
5677,0.0,0.13003251
5678,0.0,0.15324047
5679,0.0,0.055083614
5680,0.0,0.1930704
5681,0.0,0.154014
5682,0.0,0.07509353
5683,0.0,0.06351974
5684,0.0,0.077098966
5685,0.0,0.058623753
5686,0.0,0.018193938
5687,0.0,0.05886609
5688,0.0,0.1054708
5689,0.0,0.019658398
5690,0.0,0.037678983
5691,0.0,0.18424332
5692,0.0,0.012599291
5693,0.0,0.23581833
5694,0.0,0.35555708
5695,0.0,0.49311244
5696,0.0,0.39262024
5697,0.0,0.017814541
5698,0.0,0.062834635
5699,0.0,0.17059997
5700,0.0,0.3476766
5701,0.0,0.043384913
5702,0.0,0.06330405
5703,0.0,0.05996784
5704,0.0,0.09023111
5705,0.0,0.08203077
5706,0.0,0.3157681
5707,0.0,0.16898978
5708,0.0,0.12769626
5709,0.0,0.023777887
5710,0.0,0.13171895
5711,0.0,0.068686225
5712,0.0,0.16744503
5713,0.0,0.074802786
5714,0.0,0.040886685
5715,0.0,0.023437986
5716,0.0,0.07825858
5717,0.0,0.045166384
5718,0.0,0.019934377
5720,0.0,0.111644536
5721,0.0,0.06166871
5722,0.0,0.11433593
5723,0.0,0.014429667
5724,0.0,0.010701596
5725,0.0,0.20596464
5726,0.0,0.044980012
5727,0.0,0.033467967
5728,0.0,0.27579564
5729,0.0,0.028504912
5730,0.0,0.29973587
5731,0.0,0.37594795
5732,0.0,0.015158929
5733,0.0,0.31960136
5734,0.0,0.0743079
5735,0.0,0.18065625
5736,0.0,0.18682903
5737,0.0,0.15808003
5738,0.0,0.12356904
5739,0.0,0.028286085
5740,0.0,0.31798148
5742,0.0,0.26837546
5743,0.0,0.3106275
5744,0.0,0.11686199
5745,0.0,0.0061663445
5746,0.0,0.003127076
5747,0.0,0.45780268
5748,0.0,0.43702763
5749,0.0,0.020384464
5750,0.0,0.11460852
5751,0.0,0.08847157
5752,0.0,0.15769061
5753,0.0,0.062379282
5754,0.0,0.040963333
5755,0.0,0.085582055
5756,0.0,0.05466342
5757,0.0,0.0689553
5758,0.0,0.03705644
5759,0.0,0.14133076
5760,0.0,0.12683028
5761,0.0,0.110558234
5762,1.0,0.09438204
5763,0.0,0.04581338
5764,0.0,0.07543912
5765,0.0,0.36124605
5766,0.0,0.016503284
5767,0.0,0.20050496
5768,0.0,0.064435296
5769,0.0,0.07157145
5771,0.0,0.06828597
5772,0.0,0.4156873
5773,0.0,0.43114477
5774,0.0,0.031271365
5775,0.0,0.0199035
5776,0.0,0.23547448
5777,0.0,0.26984295
5778,0.0,0.21981923
5779,0.0,0.029010935
5780,0.0,0.018674508
5781,0.0,0.103372194
5782,0.0,0.016662572
5783,1.0,0.10734727
5784,1.0,0.14830396
5785,0.0,0.19262771
5786,0.0,0.029287191
5787,0.0,0.008101114
5788,0.0,0.2989983
5789,0.0,0.003115839
5790,0.0,0.0019645726
5791,0.0,0.0028127078
5792,0.0,0.31891754
5793,0.0,0.117010996
5794,0.0,0.37736782
5795,0.0,0.11307118
5796,0.0,0.118391044
5797,0.0,0.08796353
5798,0.0,0.03623503
5799,0.0,0.04870767
5800,0.0,0.33183998
5801,0.0,0.0452975
5802,0.0,0.013911508
5803,0.0,0.047458787
5804,0.0,0.42811087
5805,0.0,0.023485294
5806,0.0,0.3237456
5807,0.0,0.052662004
5808,0.0,0.27231827
5809,0.0,0.23830916
5810,0.0,0.14870924
5811,0.0,0.021248031
5812,0.0,0.09665925
5813,0.0,0.13987218
5814,0.0,0.15206142
5815,0.0,0.21198402
5816,0.0,0.07469436
5817,0.0,0.07073076
5818,0.0,0.036190648
5819,0.0,0.08528423
5820,0.0,0.09997528
5821,0.0,0.076762214
5822,0.0,0.30065185
5823,0.0,0.09020239
5824,0.0,0.057201803
5825,0.0,0.04893358
5826,0.0,0.056525867
5827,0.0,0.017460972
5828,0.0,0.10166769
5829,0.0,0.07612438
5830,0.0,0.022232134
5831,0.0,0.029721553
5832,0.0,0.034045994
5833,0.0,0.13760525
5834,0.0,0.0734906
5835,0.0,0.014754473
5836,0.0,0.055675853
5837,0.0,0.05936232
5838,0.0,0.02803115
5839,0.0,0.07913138
5840,0.0,0.030578652
5841,0.0,0.060019944
5842,0.0,0.09417982
5843,0.0,0.07657582
5844,0.0,0.08604003
5845,0.0,0.098506436
5846,0.0,0.11865286
5847,0.0,0.090602174
5848,0.0,0.23385826
5849,0.0,0.009840012
5850,0.0,0.08994608
5851,0.0,0.040537596
5852,0.0,0.045062408
5853,0.0,0.052637793
5854,0.0,0.049924303
5855,0.0,0.10920604
5856,0.0,0.08999623
5857,0.0,0.3236237
5858,0.0,0.14836282
5859,0.0,0.02137494
5860,0.0,0.09573343
5861,0.0,0.050575696
5862,0.0,0.098931044
5863,0.0,0.1964014
5864,0.0,0.22822756
5865,0.0,0.022963738
5866,0.0,0.50979364
5867,0.0,0.055610914
5868,0.0,0.04426957
5869,0.0,0.024228126
5870,0.0,0.06911307
5871,0.0,0.19722895
5872,0.0,0.057409976
5873,0.0,0.29080334
5874,0.0,0.2570218
5875,0.0,0.016956234
5876,0.0,0.018378712
5877,0.0,0.033870265
5878,0.0,0.07256494
5879,0.0,0.035621166
5880,0.0,0.3299973
5881,0.0,0.50497323
5882,0.0,0.35283932
6113,1.0,0.9778887
6114,1.0,0.97641116
6115,0.0,0.9718489
6116,1.0,0.89519364
6117,1.0,0.9591859
6118,1.0,0.9688395
6119,1.0,0.9956338
6120,1.0,0.9798654
6121,1.0,0.9913373
6122,1.0,0.98377305
6123,0.0,0.9577656
6124,1.0,0.9700722
6125,0.0,0.9807209
6126,1.0,0.9882315
6127,1.0,0.9785444
6128,1.0,0.98501843
6129,1.0,0.97994435
6130,1.0,0.9815176
6131,1.0,0.98189205
6132,1.0,0.9899594
6133,1.0,0.95717883
6134,1.0,0.975064
6135,1.0,0.9998467
6136,1.0,0.9936848
6137,1.0,0.7563222
6138,1.0,0.9546611
6139,1.0,0.95628285
6140,0.0,0.5372853
6141,1.0,0.9360259
6142,1.0,0.95834595
6143,1.0,0.96896285
6144,1.0,0.9820018
6145,1.0,0.9987961
6146,1.0,0.98499596
6147,1.0,0.97029424
6148,0.0,0.6456475
6149,1.0,0.9942773
6150,1.0,0.94925994
6151,1.0,0.965024
6152,1.0,0.98700213
6153,1.0,0.9867475
6154,1.0,0.97364646
6155,0.0,0.94886583
6156,1.0,0.97507566
6157,1.0,0.43051398
6158,1.0,0.97184527
6159,1.0,0.99873286
6160,1.0,0.8669551
6161,1.0,0.76305366
6162,1.0,0.9615968
6163,0.0,0.95753664
6164,1.0,0.4793239
6165,0.0,0.998635
6166,1.0,0.9947632
6167,1.0,0.9749713
6168,1.0,0.99627894
6169,1.0,0.9917081
6170,0.0,0.23506413
6171,1.0,0.98890454
6172,1.0,0.9435986
6173,1.0,0.9276807
6174,1.0,0.99990237
6175,1.0,0.9918467
6176,1.0,0.75110954
6177,1.0,0.9647476
6178,1.0,0.97272927
6179,0.0,0.9184462
6180,1.0,0.99852824
6181,1.0,0.7878992
6182,1.0,0.46643844
6183,1.0,0.966397
6184,1.0,0.9992244
6185,1.0,0.9612045
6186,1.0,0.95459473
6187,1.0,0.8911382
6188,1.0,0.9444678
6189,1.0,0.8243454
6190,1.0,0.9728549
6191,1.0,0.87521124
6192,1.0,0.9685805
6193,1.0,0.99969685
6194,1.0,0.8985896
6195,1.0,0.9552709
6196,1.0,0.8847831
6197,1.0,0.96812373
6198,1.0,0.9000324
6199,1.0,0.96263254
6200,0.0,0.88592213
6201,0.0,0.9665884
6202,1.0,0.49940863
6203,0.0,0.82951045
6204,0.0,0.38359195
6205,1.0,0.6242392
6206,1.0,0.98523074
6207,1.0,0.59582615
6208,1.0,0.8714012
6209,1.0,0.9864038
6210,1.0,0.7709987
6413,1.0,0.38223565
6414,1.0,0.28288803
6415,1.0,0.92529684
6416,1.0,0.21627758
6417,1.0,0.25810543
6418,1.0,0.45007724
6419,1.0,0.38453013
6420,1.0,0.47540355
6421,1.0,0.39735505
6422,1.0,0.5217803
6423,1.0,0.58830035
6424,1.0,0.7000816
6425,1.0,0.6776389
6426,1.0,0.10419635
6427,0.0,0.18440275
6428,1.0,0.34163517
6429,1.0,0.6301381
6430,1.0,0.99838936
6431,1.0,0.57273155
6432,0.0,0.56672156
6433,0.0,0.27982038
6434,1.0,0.7674641
6435,1.0,0.99868196
6436,1.0,0.98394805
6437,1.0,0.3221711
6438,0.0,0.24098201
6439,1.0,0.9866122
6440,1.0,0.7075635
6441,1.0,0.94210804
6442,1.0,0.9568419
6443,1.0,0.99893683
6444,1.0,0.288923
6445,1.0,0.4190095
6446,0.0,0.8646248
6447,1.0,0.40933186
6448,1.0,0.5840373
6449,1.0,0.674208
6450,1.0,0.7981383
6451,1.0,0.8342053
6452,1.0,0.5920996
6453,1.0,0.99844617
6454,1.0,0.69878536
6727,1.0,0.11855154
6776,1.0,0.9241053
6777,1.0,0.9434509
6778,1.0,0.9973145
6779,1.0,0.9115177
6780,1.0,0.6993886
6781,1.0,0.99892265
6782,1.0,0.9997341
6783,1.0,0.9497119
6784,1.0,0.9734771
6785,1.0,0.99924856
6786,1.0,0.9333374
6787,1.0,0.5172925
6788,1.0,0.4766406
6789,1.0,0.9378602
6790,1.0,0.9567272
6791,1.0,0.8749612
6792,1.0,0.88771003
6793,1.0,0.9983607
6794,1.0,0.92362183
6795,1.0,0.9746397
6796,1.0,0.9688138
6797,1.0,0.98902893
6798,1.0,0.9758651
6799,1.0,0.99745923
6800,1.0,0.96323353
6801,1.0,0.97288007
6802,1.0,0.8929674
6803,1.0,0.9275034
6804,1.0,0.9038335
6805,1.0,0.98495525
6856,1.0,0.88091767
6857,1.0,0.86051804
6858,1.0,0.8395169
6859,1.0,0.97540194
6860,1.0,0.9994252
6861,1.0,0.9973636
6862,1.0,0.8092197
6863,1.0,0.96896076
6864,1.0,0.9417725
6865,1.0,0.988166
6866,1.0,0.9940057
6867,1.0,0.9955129
6868,1.0,0.9950789
6869,1.0,0.9997079
6870,1.0,0.99949074
6871,1.0,0.99950373
6872,0.0,0.9926346
6873,0.0,0.99394953
6874,1.0,0.99991107
6875,1.0,0.9998661
6876,1.0,0.9852658
6877,1.0,0.9957777
6878,1.0,0.686335
6879,1.0,0.64253694
6880,1.0,0.98824126
6881,1.0,0.7854496
6882,1.0,0.9515698
6883,1.0,0.9944676
6884,1.0,0.9970963
6885,1.0,0.9938067
6886,1.0,0.9990225
6887,1.0,0.9989618
6888,1.0,0.99818593
6889,1.0,0.99864596
6890,1.0,0.9944878
6891,1.0,0.99999774
6892,1.0,0.9999852
6893,1.0,0.99994576
6894,1.0,0.99998677
6895,1.0,0.999992
6896,1.0,0.9999956
6897,1.0,0.99818414
6898,1.0,0.99831283
6899,1.0,0.9928693
6900,1.0,0.9982919
6901,1.0,0.99986327
6902,1.0,0.99944454
6903,1.0,0.9998913
6904,1.0,0.9999485
6905,1.0,0.9909807
6906,1.0,0.9997106
6907,1.0,0.9830807
6908,1.0,0.9994041
6909,1.0,0.9992792
6910,1.0,0.999997
6911,1.0,0.8517845
6912,1.0,0.99994075
6913,0.0,0.9997633
6914,1.0,0.9999683
6915,1.0,0.99576193
6916,1.0,0.9986785
6917,1.0,0.9890109
6918,1.0,0.9998068
6919,1.0,0.99836606
6920,1.0,0.99989605
6921,1.0,0.9574998
6922,1.0,0.9827366
6923,1.0,0.99929047
6924,1.0,0.88117546
6925,1.0,0.99829465
6926,1.0,0.9993655
6927,1.0,0.99976414
6928,1.0,0.99779946
6929,1.0,0.9875464
6939,1.0,0.9974784
6941,1.0,0.9990588
6942,1.0,0.9997892
6943,1.0,0.99746144
6947,1.0,0.9976896
6949,1.0,0.9997509
6950,1.0,0.99789137
6953,1.0,0.98378235
6957,1.0,0.99652547
6958,1.0,0.9972
6959,1.0,0.9999864
6960,1.0,0.9960008
6985,1.0,0.9947055
6986,1.0,0.9899026
6996,1.0,0.9974087
7265,1.0,0.997718
7266,1.0,0.99997914
7267,1.0,0.99999964
7268,1.0,0.9998416
7269,1.0,0.9997812
7270,1.0,0.9999907
7271,1.0,0.992823
7272,1.0,0.97940195
7273,1.0,0.99411434
7274,1.0,0.9903335
7275,1.0,0.9994369
7276,1.0,0.99998426
7277,1.0,0.9993424
7278,1.0,0.99965847
7279,1.0,0.9995975
7280,1.0,0.99979514
7281,1.0,0.9992792
7282,1.0,0.99591005
7283,1.0,0.99999213
7284,1.0,0.99999666
7285,1.0,0.99905044
7286,1.0,0.9649324
7287,1.0,0.992242
7288,1.0,0.9842683
7289,1.0,0.99962926
7290,1.0,0.9999802
7291,1.0,0.99989283
7292,1.0,0.99479264
7293,1.0,1.0
7294,1.0,0.99590486
7295,1.0,0.6949143
7296,1.0,0.9941649
7297,1.0,0.99967206
7298,1.0,0.9998565
7299,1.0,0.9235813
7300,1.0,0.93270606
7301,1.0,0.99992514
7302,1.0,0.8066758
7303,1.0,0.9971769
7304,1.0,0.9981148
7305,1.0,0.99513215
7306,1.0,0.4701997
7307,1.0,0.77460074
7308,1.0,0.9955277
7309,1.0,0.99284136
7310,1.0,0.9997807
7311,1.0,0.9979982
7312,1.0,0.8267063
7449,1.0,0.9978375
7457,0.0,0.98157525
7458,1.0,0.9515441
7459,1.0,0.942093
7461,1.0,0.9833626
7523,1.0,0.99263304
7524,1.0,0.9994579
7525,1.0,0.99980325
7526,1.0,0.9817852
7527,1.0,0.99777406
7528,1.0,0.9458808
7530,1.0,0.9158241
7531,1.0,0.99900264
7532,1.0,0.9855627
7533,1.0,0.9945833
7534,1.0,0.7923347
7536,1.0,0.99819237
7537,1.0,0.99911433
7538,1.0,0.98230237
7539,1.0,0.88619703
7540,1.0,0.9994122
7541,1.0,0.9986823
7542,1.0,0.9756309
7543,1.0,0.98178506
7544,1.0,0.9998946
7546,1.0,0.9999993
7547,1.0,0.9710395
7548,1.0,0.90169775
7549,1.0,0.99981886
7550,1.0,0.9998989
7551,1.0,0.9999465
7553,1.0,0.96275085
7555,1.0,0.99991894
7556,1.0,0.82286245
7557,1.0,0.9971366
7558,0.0,0.9902986
7559,0.0,0.99611986
7560,1.0,0.99845135
7561,1.0,0.99441504
7562,0.0,0.97854495
7563,1.0,0.9988411
7564,1.0,0.96493375
7565,1.0,0.9902908
7566,1.0,0.9956714
7567,1.0,0.9302426
7568,1.0,0.7004608
7569,1.0,0.95079345
7570,1.0,0.9976178
7571,0.0,0.6386074
7572,0.0,0.6472703
7573,0.0,0.83444357
7574,1.0,0.99423414
7575,1.0,0.75332165
7576,0.0,0.9057887
7577,0.0,0.9611837
7578,1.0,0.9768946
7579,1.0,0.64071465
7581,1.0,0.66479206
7582,1.0,0.9539051
7583,0.0,0.99214256
7584,0.0,0.9956435
7585,1.0,0.92320377
7586,1.0,0.760873
7587,1.0,0.939427
7588,1.0,0.9644629
7589,1.0,0.9896079
7590,1.0,0.725991
7591,1.0,0.880258
7592,1.0,0.9658304
7593,1.0,0.99732554
7594,1.0,0.9748983
7595,1.0,0.9973345
7596,1.0,0.85723233
7597,1.0,0.99297005
7598,1.0,0.9392806
7599,1.0,0.98592025
7600,1.0,0.9602802
7601,1.0,0.9937581
7602,1.0,0.9961761
7603,1.0,0.9979317
7604,1.0,0.99895334
7605,1.0,0.9982564
7606,1.0,0.9958852
7607,1.0,0.99847156
7608,1.0,0.9569209
7609,1.0,0.99883765
7610,1.0,0.996709
7611,1.0,0.9658847
7612,1.0,0.99423933
7613,1.0,0.988696
7614,1.0,0.9997434
7615,1.0,0.9995134
7616,1.0,0.9894415
7617,0.0,0.98685616
7618,1.0,0.999271
7619,1.0,0.99997616
7620,1.0,0.9970182
7621,1.0,0.9737091
7622,1.0,0.9488592
7623,1.0,0.98246723
7624,1.0,0.9920007
7625,1.0,0.9782598
7626,1.0,0.99663407
7627,1.0,0.9952236
7628,1.0,0.9918811
7629,1.0,0.9871831
7630,1.0,0.9725705
7631,1.0,0.9729197
7632,1.0,0.9880706
7633,1.0,0.99764866
7634,1.0,0.9660274
7635,1.0,0.97800326
7636,1.0,0.93859977
7637,1.0,0.9927059
7638,1.0,0.99050105
7639,1.0,0.9898184
7640,1.0,0.9584713
7641,1.0,0.96877545
7642,1.0,0.96229595
7643,1.0,0.9868259
7644,1.0,0.98404044
7645,0.0,0.98956686
7646,1.0,0.9683223
7647,1.0,0.9678198
7648,1.0,0.9987431
7649,1.0,0.99179584
7650,1.0,0.8600206
7651,1.0,0.9712967
7652,1.0,0.9888031
7653,1.0,0.9097152
7654,1.0,0.9743421
7655,1.0,0.9807941
7656,1.0,0.98671615
7657,1.0,0.9589971
7658,1.0,0.97403437
7659,1.0,0.9679339
7660,1.0,0.9308877
7661,1.0,0.99355525
7662,1.0,0.99619746
7663,1.0,0.9999578
7664,1.0,0.9653856
7665,0.0,0.9755197
7666,1.0,0.9863826
7667,1.0,0.94830483
7668,1.0,0.9705024
7669,1.0,0.97621536
7670,1.0,0.96201795
7671,1.0,0.99183524
7672,1.0,0.982251
7673,1.0,0.9774302
7674,1.0,0.8846894
7675,1.0,0.99153215
7676,1.0,0.9484794
7677,1.0,0.7436196
7678,1.0,0.9762586
7679,1.0,0.9985008
7680,1.0,0.9718373
7681,0.0,0.96765554
7682,1.0,0.9988219
7683,1.0,0.9775988
7684,1.0,0.87937456
7685,1.0,0.99857247
7686,1.0,0.9601044
7687,1.0,0.92475164
7688,1.0,0.98099285
7689,1.0,0.9989355
7690,1.0,0.99416214
7691,1.0,0.97444916
7692,1.0,0.98491305
7693,1.0,0.9886608
7694,1.0,0.9697826
7695,1.0,0.9713506
7696,1.0,0.99231213
7697,0.0,0.9997712
7698,1.0,0.9492818
7699,1.0,0.9701854
7700,1.0,0.9617098
7701,1.0,0.92291945
7702,1.0,0.968891
7703,1.0,0.70798415
7704,1.0,0.9270261
7705,1.0,0.9988925
7706,0.0,0.9970092
7707,1.0,0.99565965
7708,1.0,0.99757344
7709,1.0,0.96993804
7710,1.0,0.95443666
7711,1.0,0.9968683
7712,1.0,0.98054516
7713,1.0,0.99873215
7714,1.0,0.9843715
7715,1.0,0.98096645
7716,1.0,0.9980293
7717,1.0,0.98292834
7718,1.0,0.8172606
7719,1.0,0.99177766
7720,1.0,0.9995771
7721,1.0,0.9986885
7722,1.0,0.9997706
7723,1.0,0.99295276
7724,1.0,0.9576239
7725,1.0,0.9879253
7726,1.0,0.9087469
7727,1.0,0.99402446
7728,1.0,0.99934894
7729,1.0,0.9999759
7730,1.0,0.9920461
7731,1.0,0.9995957
7732,1.0,0.90928096
7733,1.0,0.98501265
7734,1.0,0.98688006
7735,1.0,0.962425
7772,1.0,0.6666546
7773,1.0,0.99866056
7774,1.0,0.99762875
7775,1.0,0.99526215
7776,1.0,0.99896455
7777,1.0,0.9945756
7778,1.0,0.99240583
7779,1.0,0.99865085
7780,1.0,0.9922219
7781,1.0,0.99942327
7782,1.0,0.99898523
7783,1.0,0.99940443
7784,1.0,0.9938729
7785,1.0,0.71448046
7786,1.0,0.734711
7787,1.0,0.98638177
7788,1.0,0.9864022
7977,1.0,0.99985874
7978,1.0,0.99995446
7979,1.0,0.99996793
7980,1.0,0.9988777
7981,1.0,0.99992716
7982,1.0,0.99994373
7983,1.0,0.99811953
7984,1.0,0.99952614
7985,1.0,0.99057823
7986,1.0,0.9845909
7987,1.0,0.9999471
7988,1.0,0.98102516
7989,1.0,0.9999801
7990,1.0,0.99935836
7991,1.0,0.9998294
7992,1.0,0.97532314
7993,1.0,0.9977647
7994,1.0,0.9931051
7995,1.0,0.99955183
7996,1.0,0.9992106
7997,1.0,0.99994636
7998,1.0,0.99987876
7999,1.0,0.99917173
8000,1.0,0.9885351
8001,1.0,0.99988794
8002,1.0,0.9999976
8003,1.0,0.94525224
8004,1.0,0.9999864
8005,1.0,0.9570685
8006,0.0,0.9754146
8007,1.0,0.9308566
8008,1.0,0.9999596
8009,1.0,0.97746176
8010,1.0,0.9541527
8011,1.0,0.99958605
8012,1.0,0.9999261
8013,1.0,0.99992394
8014,1.0,0.9996606
8015,1.0,0.9998981
8016,1.0,0.99978775
8017,1.0,0.8678411
8018,1.0,0.99999213
8019,1.0,0.99934477
8020,1.0,0.9995814
8021,1.0,0.9990767
8022,1.0,0.9991248
8023,1.0,0.99988973
8024,1.0,0.99999535
8025,1.0,0.9993911
8026,1.0,0.51480836
8027,1.0,0.9908693
8028,1.0,0.4997163
8029,1.0,0.9922408
8030,1.0,0.5302568
8031,1.0,0.9999585
8032,1.0,0.97809154
8033,1.0,0.80165064
8034,1.0,0.99893767
8035,1.0,0.89864296
8036,0.0,0.077939145
8037,1.0,0.9943739
8038,1.0,0.997938
8039,1.0,0.9996841
8040,1.0,0.9905096
8041,1.0,0.9999865
8042,1.0,0.99940085
8043,0.0,0.06018126
8044,1.0,0.6052431
8045,1.0,0.99811304
8046,1.0,0.99998546
8047,1.0,0.9999801
8048,1.0,0.99136704
8049,1.0,0.9999751
8050,1.0,0.99999166
8051,1.0,0.99882656
8052,1.0,0.08617006
8053,1.0,0.99993575
8054,1.0,0.99999535
8055,1.0,0.9999732
8056,1.0,0.98894787
8057,1.0,0.9998741
8058,1.0,0.9865955
8059,1.0,0.999979
8060,1.0,0.99996173
8061,1.0,0.9999913
8062,1.0,0.9999392
8063,1.0,0.99995816
8064,1.0,0.9986066
8065,1.0,0.99998605
8066,1.0,0.99998975
8067,1.0,0.9999994
8068,1.0,0.9997243
8069,0.0,0.9969451
8070,1.0,0.99806386
8071,1.0,0.9990345
8072,1.0,0.99801683
8073,1.0,0.9993303
8074,1.0,0.9996865
8075,1.0,0.9998005
8076,1.0,0.999701
8077,1.0,0.9999964
8078,1.0,0.9999645
8079,1.0,0.9989956
8080,1.0,0.99990034
8081,1.0,0.9999614
8082,1.0,0.99993527
8083,1.0,0.9994785
8084,1.0,0.99948645
8085,1.0,0.9998872
8086,1.0,0.9999877
8087,1.0,0.9997161
8088,1.0,0.99996614
8089,1.0,0.6550879
8090,1.0,0.99999964
8091,1.0,0.99871266
8092,1.0,0.9934002
8093,1.0,0.90057766
8094,1.0,0.99805534
8095,1.0,0.9994066
8096,1.0,0.9919533
8097,1.0,0.97562146
8098,1.0,0.26188198
8099,1.0,0.68595386
8100,1.0,0.9994349
8966,1.0,0.99992955
8967,1.0,0.9994803
8968,1.0,0.9999993
8969,1.0,0.9997346
8970,1.0,0.9997216
8971,1.0,0.9998833
8972,1.0,0.9998921
8973,1.0,0.9995703
8974,1.0,0.99988914
8975,1.0,0.9998778
8976,1.0,0.9998951
8977,1.0,0.9984719
8978,1.0,0.99811554
9170,1.0,0.9625379
9171,1.0,0.88848877
9172,1.0,0.9984314
9173,1.0,0.9970074
9174,1.0,0.9453019
9175,1.0,0.9978671
9176,1.0,0.6650848
9177,1.0,0.9645221
9178,1.0,0.9984456
9179,1.0,0.9842892
9180,1.0,0.9859059
9181,1.0,0.98317736
9182,1.0,0.98930126
9183,1.0,0.9961287
9184,1.0,0.9523429
9185,1.0,0.9015371
9186,1.0,0.9906969
9187,1.0,0.9587103
9188,1.0,0.98045087
9189,1.0,0.73332673
9190,1.0,0.97873914
9191,1.0,0.9035436
9192,1.0,0.89621544
9193,1.0,0.9983121
9194,1.0,0.99184567
9195,1.0,0.96905243
9196,1.0,0.9957171
9197,1.0,0.94193494
9198,1.0,0.9651895
9199,1.0,0.8482379
9200,1.0,0.6560856
9201,1.0,0.9944174
9202,1.0,0.67843
9203,1.0,0.9949308
9204,1.0,0.8811155
9205,0.0,0.44880247
9206,1.0,0.9053243
9207,1.0,0.8866615
9208,1.0,0.9966474
9209,1.0,0.99780184
9210,1.0,0.87407255
9211,1.0,0.9943447
9212,1.0,0.9972372
9213,1.0,0.9447747
9214,1.0,0.989999
9215,1.0,0.98899907
9216,1.0,0.99030495
9217,0.0,0.9081521
9218,1.0,0.99562055
9219,1.0,0.99773043
9220,1.0,0.99466985
9221,1.0,0.95605934
9222,1.0,0.9398193
9223,1.0,0.7920618
9224,1.0,0.77989507
9225,1.0,0.99390644
9226,1.0,0.054392606
9227,1.0,0.07251374
9228,1.0,0.06362376
9229,1.0,0.07404674
9230,0.0,0.012915118
9231,0.0,0.015499078
9232,0.0,0.008464599
9233,0.0,0.004275118
9234,0.0,0.020700917
9235,1.0,0.012798336
9236,1.0,0.0069294875
9237,0.0,0.06707289
9238,0.0,0.04836309
9239,0.0,0.09114933
9240,0.0,0.012108363
9241,1.0,0.06524456
9242,1.0,0.052086245
9243,1.0,0.06159568
9244,1.0,0.052109685
9245,0.0,0.31698734
9246,0.0,0.35833764
9247,0.0,0.5214842
9248,0.0,0.33402675
9249,1.0,0.17046231
9250,1.0,0.14088015
9251,1.0,0.25776422
9252,1.0,0.14567336
9253,0.0,0.007142126
9254,0.0,0.0048416746
9255,0.0,0.01851911
9256,0.0,0.0423086
9257,0.0,0.013682165
9258,1.0,0.29688355
9259,0.0,0.30580637
9260,0.0,0.2712722
9261,1.0,0.0040524765
9262,1.0,0.005094549
9263,0.0,0.012371165
9264,0.0,0.015930003
9265,0.0,0.0034987405
9266,0.0,0.026817532
9267,0.0,0.16355397
9268,1.0,0.35644776
9269,0.0,0.017152527
9270,1.0,0.23826224
9271,0.0,0.30722916
9272,0.0,0.002782172
9273,0.0,0.0072410237
9274,0.0,0.016373033
9275,0.0,0.034261137
9276,0.0,0.026304066
9277,0.0,0.29398587
9278,0.0,0.23905505
9279,0.0,0.29602236
9280,0.0,0.15740637
9281,0.0,0.028452849
9282,0.0,0.08479293
9283,0.0,0.09260202
9284,0.0,0.013449844
9285,0.0,0.043584727
9286,0.0,0.01543315
9287,0.0,0.039497264
9288,0.0,0.049571194
9289,0.0,0.012915602
9290,0.0,0.038440168
9291,1.0,0.41274473
9494,1.0,0.9995159
9495,1.0,0.9992156
9496,1.0,0.999553
9497,1.0,0.9991542
9498,1.0,0.9997613
9499,1.0,0.99964154
9500,1.0,0.99992394
9501,1.0,0.9999052
9502,1.0,0.99997497
9503,1.0,0.9999751
9504,1.0,0.9989429
9505,1.0,0.99878615
9506,1.0,0.9998627
9507,1.0,0.99987173
9508,1.0,0.9999337
9509,1.0,0.9998789
9510,1.0,0.99998546
9511,1.0,0.9999987
9512,1.0,0.9994056
9513,1.0,0.999701
9514,1.0,0.9995597
9515,1.0,0.9996427
9516,1.0,0.9985575
9517,1.0,0.99988925
9518,1.0,0.999474
9519,1.0,0.999445
9520,1.0,0.99999416
9521,1.0,0.9999937
9522,1.0,0.99993515
9523,1.0,0.999683
9526,1.0,0.9999232
9528,1.0,0.99996066
9529,1.0,0.9997192
9530,1.0,0.99930406
9534,1.0,0.99814546
9535,1.0,0.9990727
9538,1.0,0.99987304
9539,1.0,0.9997403
9540,1.0,0.99999917
9541,1.0,0.99999845
9542,1.0,0.9999223
9543,1.0,0.999843
9544,1.0,0.9999882
9545,1.0,0.9999751
9546,1.0,0.9996032
9547,1.0,0.9997367
9548,1.0,0.9997081
9549,1.0,0.9996606
9552,1.0,0.99998176
9553,1.0,0.9999938
9554,1.0,0.9998821
9555,1.0,0.9999291
9558,1.0,0.9999969
9559,1.0,0.9999969
9560,1.0,0.9999467
9561,1.0,0.9999168
9564,1.0,0.99997175
9565,1.0,0.9999888
9566,1.0,0.99995816
9567,1.0,0.9998728
10711,0.0,0.2829456
10712,0.0,0.3177853
10713,0.0,0.032383226
10714,0.0,0.08497329
10715,0.0,0.031570736
10716,0.0,0.039464466
10717,0.0,0.06308558
10718,0.0,0.19635487
10719,0.0,0.3850174
10720,0.0,0.013451965
10721,0.0,0.035084125
10722,0.0,0.09102594
10723,0.0,0.23599365
10724,0.0,0.034874458
10725,0.0,0.2670488
10726,0.0,0.07787295
10727,0.0,0.057979926
10728,0.0,0.035262525
10729,0.0,0.046061452
10730,0.0,0.27612907
10731,0.0,0.10843412
10732,0.0,0.018561998
10733,0.0,0.45060408
10734,0.0,0.043475986
10735,0.0,0.14106332
10736,0.0,0.43771058
10737,0.0,0.007170674
10738,1.0,0.13543569
10739,0.0,0.056209676
10740,0.0,0.082708575
10741,0.0,0.032688994
10742,0.0,0.03420478
10743,0.0,0.008065908
10744,0.0,0.0491315
10745,0.0,0.546077
10746,0.0,0.07395519
10747,0.0,0.073738776
10748,0.0,0.06989426
10749,0.0,0.123559594
10750,0.0,0.22957188
10751,0.0,0.012133783
10752,0.0,0.061951276
10753,1.0,0.519507
10754,0.0,0.18368179
10755,0.0,0.075627
10756,0.0,0.088757515
10757,0.0,0.022957806
10758,0.0,0.069385044
10759,0.0,0.12129823
10760,0.0,0.034244657
10761,0.0,0.03153276
10762,0.0,0.07199022
10763,0.0,0.10742422
10764,0.0,0.042230017
10765,1.0,0.49517938
10766,1.0,0.62553835
10767,0.0,0.006861409
10768,0.0,0.15950474
10769,0.0,0.23569414
10770,0.0,0.03072774
10771,0.0,0.29196775
10772,0.0,0.86011636
10773,1.0,0.20096238
10774,0.0,0.0637129
10775,0.0,0.053943623
10776,0.0,0.04071139
10777,0.0,0.0021785072
10778,0.0,0.09400577
10779,0.0,0.012574424
10780,0.0,0.027940247
10781,0.0,0.21396899
10782,0.0,0.61495256
10783,1.0,0.26238936
10784,0.0,0.13424762
10785,1.0,0.30984765
10786,0.0,0.09182836
10787,0.0,0.27363497
10788,0.0,0.06671189
10789,0.0,0.0449761
10790,0.0,0.46791303
10791,1.0,0.24001323
10792,1.0,0.46015564
10793,0.0,0.4124021
10794,0.0,0.00456672
10795,0.0,0.024051653
10796,0.0,0.47125572
10797,0.0,0.13341267
10798,1.0,0.025282137
10799,0.0,0.015991721
10800,0.0,0.15873772
10801,1.0,0.4189471
10802,1.0,0.12979473
10803,1.0,0.02432801
10804,0.0,0.020897904
10805,0.0,0.016648779
10806,0.0,0.041482564
10807,0.0,0.32379895
10808,0.0,0.41859555
10809,0.0,0.021986196
10810,1.0,0.9649912
10811,1.0,0.9988549
10812,1.0,0.91293746
10813,1.0,0.99875546
10814,1.0,0.9889233
10815,1.0,0.96014345
10816,1.0,0.98223543
10817,1.0,0.88215595
10818,1.0,0.9996613
10819,1.0,0.98425424
10820,1.0,0.8202833
10821,1.0,0.9587626
10822,1.0,0.9303428
10823,1.0,0.99850523
10824,1.0,0.7845542
10825,1.0,0.67173105
10826,0.0,0.8714661
10827,0.0,0.894755
11261,1.0,0.99368346
11520,0.0,0.050006572
11523,0.0,0.011338668
11531,0.0,0.08144217
12311,1.0,0.79719704
12312,1.0,0.9996691
12313,1.0,0.97222745
12314,1.0,0.6496326
12315,1.0,0.9911917
12316,1.0,0.71661663
12317,1.0,0.986381
12318,1.0,0.58745253
12319,1.0,0.9955996
12320,1.0,0.97684675
12321,1.0,0.9999666
12322,1.0,0.9999726
12323,0.0,0.8400526
12324,0.0,0.30796373
12325,1.0,0.64374524
12326,1.0,0.99318117
12327,1.0,0.9999088
12328,0.0,0.16205938
12329,0.0,0.11205936
12330,1.0,0.90690213
12331,1.0,0.96891296
12332,1.0,0.94122833
12333,0.0,0.64725244
12334,0.0,0.29036263
12335,1.0,0.93619514
12336,1.0,0.80288994
12337,1.0,0.8175851
12338,0.0,0.6759514
12339,1.0,0.9830603
12340,1.0,0.5655562
12341,0.0,0.08346105
12342,0.0,0.859106
12343,0.0,0.99883515
12344,0.0,0.48859018
12345,1.0,0.65153223
12346,1.0,0.6106325
12347,1.0,0.82303894
12348,1.0,0.59801024
12349,0.0,0.42620835
12350,1.0,0.6800247
12351,1.0,0.99176383
12352,1.0,0.8370719
12353,1.0,0.85287386
12354,1.0,0.4005287
12355,1.0,0.844206
12356,1.0,0.97329164
12357,1.0,0.85157216
12358,1.0,0.6416488
12359,1.0,0.76893157
12360,1.0,0.6572796
12361,0.0,0.94817245
12362,1.0,0.9981559
12363,1.0,0.4086795
12364,1.0,0.7326158
12365,1.0,0.92790824
12366,0.0,0.9984981
12367,1.0,0.87363404
12368,1.0,0.39227664
12369,1.0,0.9896157
12370,0.0,0.8681668
12371,1.0,0.4774298
12372,1.0,0.8910975
12373,1.0,0.6790513
12374,0.0,0.43271253
12375,0.0,0.89411056
12376,0.0,0.94382805
12377,1.0,0.55521846
12378,1.0,0.17127036
12379,0.0,0.33700022
12380,1.0,0.24393983
12381,1.0,0.8964615
12382,0.0,0.9975424
12383,0.0,0.8748495
12384,1.0,0.43156296
12385,1.0,0.07550772
12386,1.0,0.61726576
12387,0.0,0.53462446
12388,0.0,0.7195063
12389,1.0,0.954798
12390,1.0,0.9805156
12391,1.0,0.41046703
12392,0.0,0.96444005
12393,0.0,0.99412185
12394,1.0,0.9482633
12395,1.0,0.9750133
12396,1.0,0.9962638
12397,1.0,0.8874197
12398,1.0,0.8618737
12399,1.0,0.99725384
12400,1.0,0.99742174
12401,1.0,0.8781185
12402,1.0,0.90798527
12403,1.0,0.94545954
12404,1.0,0.91547376
12405,1.0,0.9896505
12406,1.0,0.9906832
12407,1.0,0.9821144
12408,1.0,0.67217284
12409,1.0,0.74186456
12410,0.0,0.9534035
12411,1.0,0.99896896
12412,0.0,0.53535944
12413,1.0,0.99971837
12414,1.0,0.85950315
12415,1.0,0.9863478
12416,1.0,0.7586299
12417,1.0,0.88953227
12418,1.0,0.9935834
12419,1.0,0.99747425
12420,1.0,0.53906614
12421,1.0,0.9664588
12422,1.0,0.7205769
12423,1.0,0.89735514
12424,0.0,0.9909677
12425,1.0,0.9126552
12426,1.0,0.9985056
12427,0.0,0.98077536
12428,0.0,0.96164423
12429,1.0,0.52290684
12430,0.0,0.8261258
12431,0.0,0.9448365
12432,0.0,0.9166532
12433,1.0,0.9397218
12434,1.0,0.9526203
12435,0.0,0.81295234
12436,1.0,0.73247576
12437,1.0,0.9846415
12438,0.0,0.91496056
12439,1.0,0.98947734
12440,0.0,0.9898699
12441,0.0,0.95790666
12442,0.0,0.8948395
12443,0.0,0.8850411
12444,1.0,0.93140763
12445,0.0,0.64481217
12446,0.0,0.92782205
12447,1.0,0.8717139
12448,1.0,0.86694336
12449,1.0,0.76343834
12450,0.0,0.9343356
12451,1.0,0.95706546
12452,1.0,0.34790236
13066,1.0,0.6798688
13067,1.0,0.5992678
13068,1.0,0.35656968
13069,1.0,0.5567043
13070,1.0,0.99959093
13071,1.0,0.99956137
13072,1.0,0.9566723
13073,0.0,0.13453378
13074,0.0,0.44456515
13075,1.0,0.34199053
13076,1.0,0.9952159
13077,1.0,0.7153645
13078,1.0,0.97097594
13079,1.0,0.9844109
13080,1.0,0.97274226
13081,1.0,0.40813923
13082,1.0,0.9173406
13083,1.0,0.9750864
13084,1.0,0.9720448
13085,1.0,0.96560484
13229,1.0,0.99837214
13230,1.0,0.9935609
13231,1.0,0.96893823
13232,1.0,0.8817293
13233,1.0,0.99454665
13234,1.0,0.9866731
13235,1.0,0.9299327
13236,1.0,0.96979773
13237,1.0,0.999169
13238,1.0,0.8408669
13239,1.0,0.98136616
13240,1.0,0.99786913
13241,1.0,0.99917465
13242,1.0,0.99988496
13243,1.0,0.999892
13244,1.0,0.8744533
13245,1.0,0.9983632
13246,1.0,0.9979056
13247,1.0,0.99522877
13248,1.0,0.7357336
13249,1.0,0.7850156
13250,1.0,0.9989511
13251,1.0,0.9994974
13252,1.0,0.999716
13253,1.0,0.99932086
13254,1.0,0.97600025
13255,1.0,0.99967754
13256,1.0,0.9986833
13257,1.0,0.9803663
13258,1.0,0.97045475
13259,1.0,0.9985929
13260,0.0,0.9941923
13261,1.0,0.9910925
13262,1.0,0.9545612
13718,1.0,0.9999989
13719,1.0,0.99999905
13720,1.0,0.9999956
13721,1.0,0.99999905
13722,1.0,0.9999981
13723,1.0,0.9999994
13724,1.0,0.99999976
13725,1.0,0.99999964
13726,1.0,0.99962187
13727,1.0,0.9999994
13728,1.0,0.99988055
13729,1.0,0.99999464
13730,1.0,0.99999976
13731,1.0,0.999984
13732,1.0,0.99999917
13733,1.0,0.9999963
13734,1.0,0.999998
13735,1.0,0.999997
13736,1.0,0.9999931
13737,1.0,0.99991393
13738,1.0,0.9999989
13739,1.0,0.9999976
13740,1.0,0.9999361
13741,1.0,0.9999925
13742,1.0,0.9999999
13743,1.0,0.99999714
13744,1.0,0.9999999
13745,1.0,0.99998224
13746,1.0,0.99998224
13747,1.0,0.99999535
13748,1.0,0.9793427
13749,1.0,0.99999976
13750,1.0,0.9999968
13751,1.0,0.99999607
13752,1.0,0.9999964
13753,1.0,0.99999964
13754,1.0,0.9999939
13755,1.0,0.99999726
13756,1.0,0.9999157
13757,1.0,0.9997936
13758,1.0,0.99972063
13759,1.0,0.99989104
13760,1.0,0.9997712
13761,1.0,0.99922526
13762,1.0,0.9990551
13763,1.0,0.9999312
13764,1.0,0.9999895
13765,1.0,0.9997211
13766,1.0,0.99622524
13767,1.0,0.9999454
13768,1.0,0.99999774
13769,1.0,0.99999416
13770,1.0,0.9999993
13771,1.0,0.99996936
13772,1.0,1.0
13773,1.0,0.9999839
13774,1.0,0.99998033
13775,1.0,0.9999981
13776,1.0,0.9999999
13777,1.0,0.99999535
13778,1.0,1.0
13779,1.0,0.9999995
13780,1.0,0.99999976
13781,1.0,0.99999976
13782,1.0,0.9999999
13783,1.0,1.0
13784,1.0,0.9999931
13785,1.0,0.99997246
13786,1.0,0.99958724
13787,1.0,0.9999521
13788,1.0,0.999846
13789,1.0,0.9999634
13790,1.0,0.9999968
13791,1.0,0.9999989
13792,1.0,0.99997234
13793,1.0,0.9999639
13794,1.0,0.9998491
13795,1.0,0.99853563
13796,1.0,0.9997279
13797,1.0,0.73923814
13798,1.0,0.9999547
13799,1.0,0.9999951
13800,1.0,0.9999974
13801,1.0,0.9999924
13802,1.0,0.999997
13803,1.0,0.9999974
13804,1.0,0.99999845
13805,1.0,0.9999727
13806,1.0,0.99999845
13807,1.0,0.9999956
13808,1.0,0.999905
13809,1.0,0.99999917
13810,1.0,0.9999994
13811,1.0,0.99999833
13812,1.0,0.99998784
13813,1.0,0.9998554
13814,1.0,0.999998
13815,1.0,0.9998223
13816,1.0,0.99998343
13817,1.0,0.99999654
13818,1.0,0.9999982
13819,1.0,0.99999416
13820,1.0,0.9998331
13821,1.0,0.99999857
13822,1.0,0.9999943
13823,1.0,0.9991714
13824,1.0,0.99999976
13825,1.0,0.99999046
13826,1.0,0.957913
13827,1.0,0.9999716
13828,1.0,0.99999416
13829,1.0,0.9999927
13830,1.0,0.9999145
13831,1.0,0.9999553
13832,1.0,0.99998844
13833,1.0,0.999874
13834,1.0,0.9999598
13835,1.0,0.9999275
14265,1.0,0.99809605
14561,0.0,0.56826544
14566,1.0,0.32559147
14568,1.0,0.60092896
14569,0.0,0.24254212
14571,1.0,0.9886464
14730,1.0,0.9998752
14731,1.0,0.99993205
14732,1.0,0.9993861
14733,1.0,0.9990055
14734,1.0,0.99930847
14735,1.0,0.98615843
14736,1.0,0.9951497
14737,1.0,0.9993717
14738,1.0,0.9997998
14739,1.0,0.99877053
14740,1.0,0.9932487
14741,1.0,0.99998975
14742,1.0,0.99056387
14743,1.0,0.9988732
14744,1.0,0.9977476
14745,1.0,0.97159123
14746,1.0,0.9984706
14747,1.0,0.99601316
14748,0.0,0.99331194
14749,1.0,0.9955432
14750,1.0,0.9965198
14751,1.0,0.98079324
14752,1.0,0.9776805
14753,1.0,0.992574
14754,1.0,0.97773963
14755,1.0,0.9905635
14756,1.0,0.99879324
14757,1.0,0.9984718
14758,1.0,0.99995136
14759,1.0,0.999385
14760,1.0,0.95727974
14761,1.0,0.99515307
14762,1.0,0.98669493
14763,1.0,0.9726501
14764,1.0,0.9975764
14765,1.0,0.9722519
14766,1.0,0.9915236
14767,1.0,0.9976089
14768,1.0,0.96741194
14769,0.0,0.9908001
14770,1.0,0.90930367
14771,1.0,0.9956755
14772,1.0,0.9960741
14773,1.0,0.9962071
14774,1.0,0.941165
14775,1.0,0.99208075
14776,1.0,0.948049
14777,1.0,0.963769
14792,1.0,0.61704844
14795,1.0,0.988926
14796,1.0,0.95617115
14797,1.0,0.9644171
14798,1.0,0.9992411
14799,1.0,0.9942629
14800,1.0,0.9340732
14801,1.0,0.98721343
14802,1.0,0.97979856
14804,1.0,0.99942267
14805,1.0,0.9996427
14807,1.0,0.9996364
14808,1.0,0.99982053
14810,1.0,0.9235887
14811,1.0,0.99151343
14812,1.0,0.9288318
14813,1.0,0.7146335
14814,1.0,0.9990337
14815,1.0,0.9642989
14816,1.0,0.90294206
14817,1.0,0.96285486
14818,1.0,0.93674856
14819,1.0,0.8363194
14820,1.0,0.9657958
14821,1.0,0.9998097
14822,1.0,0.9997749
14823,1.0,0.92455196
14824,1.0,0.9873596
14825,1.0,0.5937927
14826,1.0,0.42490444
14827,1.0,0.944684
14828,1.0,0.9445565
14829,1.0,0.9151683
14830,1.0,0.9547301
14833,1.0,0.99783415
15215,1.0,0.92416614
15216,1.0,0.991882
15217,1.0,0.9972682
15218,0.0,0.9131443
15219,1.0,0.9986344
15745,1.0,0.9708764
15746,0.0,0.9701847
15747,1.0,0.9784545
15748,1.0,0.9912068
15749,1.0,0.98597276
15750,1.0,0.9917808
15751,1.0,0.97653174
15752,1.0,0.98529184
15753,1.0,0.9834208
15754,0.0,0.9383561
15755,1.0,0.9600712
15756,1.0,0.9972519
15757,1.0,0.9618696
15758,1.0,0.9516068
15759,1.0,0.9764206
15760,1.0,0.9696083
15761,1.0,0.99267346
15762,1.0,0.9972588
15763,1.0,0.9928731
15764,1.0,0.9756192
15765,0.0,0.9918236
15766,1.0,0.92452496
15767,1.0,0.8614097
15768,0.0,0.97489035
15769,1.0,0.9723393
15770,1.0,0.9949759
15771,1.0,0.99840194
15772,1.0,0.9781228
15773,1.0,0.9936067
15774,1.0,0.9926186
15775,1.0,0.9928352
15776,1.0,0.9962243
15777,1.0,0.94760835
15778,1.0,0.99688417
15779,1.0,0.99333704
15780,1.0,0.9708163
15781,1.0,0.9867628
15782,1.0,0.97194654
15783,1.0,0.9723378
15784,1.0,0.9851881
15785,1.0,0.9898941
15786,1.0,0.9837257
15787,1.0,0.98979366
15788,1.0,0.9704422
15789,1.0,0.99219257
15790,1.0,0.9915951
15791,1.0,0.99652267
15792,1.0,0.9998147
15793,1.0,0.99965215
15794,1.0,0.9991523
15795,1.0,0.9997143
15796,1.0,0.9470219
15797,1.0,0.99535346
15798,1.0,0.97839075
15799,1.0,0.99648947
15800,1.0,0.8889452
15801,1.0,0.9987929
15802,1.0,0.97898954
15803,1.0,0.9559895
15804,1.0,0.99688476
15805,1.0,0.99429685
15806,1.0,0.9869196
15807,1.0,0.95749915
15808,1.0,0.9615886
15809,1.0,0.9923254
15810,1.0,0.993375
15811,1.0,0.9990633
15812,1.0,0.9025489
15813,1.0,0.9670222
15814,1.0,0.9864652
15815,1.0,0.97997755
15816,1.0,0.98983395
15817,1.0,0.96510893
15818,1.0,0.9361378
15819,1.0,0.9458397
15820,1.0,0.9908716
15821,1.0,0.90010446
15822,1.0,0.9713188
15823,1.0,0.9842157
15824,1.0,0.88564295
15825,1.0,0.99469286
15826,1.0,0.99861324
15827,1.0,0.9945011
15828,1.0,0.97844577
15829,1.0,0.9085447
15830,1.0,0.99943966
15831,1.0,0.9873769
15832,1.0,0.9995703
15833,1.0,0.9177746
15834,0.0,0.94148684
15835,1.0,0.99130225
15836,1.0,0.9897125
15837,1.0,0.97264796
15838,1.0,0.88016945
15839,1.0,0.9996518
15931,0.0,0.8203744
15979,1.0,0.31969732
16001,1.0,0.5112641
16487,1.0,0.9996327
16488,1.0,0.96186703
16489,1.0,0.9959734
16490,1.0,0.9337459
16491,1.0,0.9631648
16492,1.0,0.96703815
16493,1.0,0.9995435
16494,1.0,0.9877901
16495,1.0,0.9948442
16496,1.0,0.90462464
16497,0.0,0.9952856
16498,1.0,0.9748258
16499,1.0,0.969188
16500,1.0,0.95844823
16501,1.0,0.9378055
16502,1.0,0.98024863
16503,1.0,0.9877902
16504,1.0,0.9994067
16505,1.0,0.85042214
16506,1.0,0.9870113
16507,1.0,0.77052313
16508,1.0,0.9726959
16509,1.0,0.9517793
16518,1.0,0.992308
16519,1.0,0.9816062
16521,1.0,0.95826095
16522,1.0,0.9891773
16523,1.0,0.9962084
16524,1.0,0.92904216
16525,0.0,0.9217952
16528,1.0,0.99970514
16529,1.0,0.9994836
16530,1.0,0.9271104
16531,1.0,0.99977106
16532,1.0,0.9996246
16533,1.0,0.9972933
16534,1.0,0.986368
16535,1.0,0.9958579
16536,1.0,0.99600095
16537,1.0,0.61950433
16539,1.0,0.99638855
16542,1.0,0.991305
16545,1.0,0.99899346
16547,1.0,0.9937973
16548,1.0,0.99825114
16549,1.0,0.9986958
16556,1.0,0.3740722
16557,1.0,0.8717772
16567,1.0,0.9909277
16568,1.0,0.99029595
16569,1.0,0.9314527
16570,1.0,0.99934965
16571,1.0,0.9761804
16572,1.0,0.9949556
16573,1.0,0.9791788
16574,1.0,0.9990792
16575,1.0,0.9620172
16576,1.0,0.90988606
16577,1.0,0.9956203
16725,0.0,0.9985262
16726,0.0,0.9976937
16727,1.0,0.8807616
16728,1.0,0.7946756
16729,1.0,0.9969959
16730,0.0,0.9974566
16731,0.0,0.82454324
16732,1.0,0.97582006
16733,0.0,0.9231654
16734,1.0,0.99962366
16735,1.0,0.98261124
16736,1.0,0.99123293
16737,1.0,0.9912477
16738,1.0,0.98907554
16739,1.0,0.8785273
16740,1.0,0.9961966
16741,0.0,0.98162407
16742,1.0,0.92395645
16743,0.0,0.93380153
16744,1.0,0.9566316
16745,1.0,0.97990155
16746,0.0,0.59220004
16747,0.0,0.9911488
16748,1.0,0.988135
16749,1.0,0.9901329
16750,0.0,0.98787934
16751,1.0,0.9989992
16752,1.0,0.99906605
16753,1.0,0.982327
16754,1.0,0.975289
16755,1.0,0.9388458
16756,1.0,0.99497896
16757,1.0,0.9980533
16758,1.0,0.99472433
16759,1.0,0.9949025
16760,1.0,0.99762744
16761,1.0,0.9920981
16762,1.0,0.9008138
16763,0.0,0.9883935
16764,1.0,0.99703526
16765,1.0,0.97910744
16766,1.0,0.94364494
16767,1.0,0.9963146
16768,1.0,0.9998155
16769,1.0,0.9912108
16770,1.0,0.98205006
16771,1.0,0.99201864
16772,1.0,0.94882596
16773,1.0,0.92142224
16774,1.0,0.9750889
16775,1.0,0.9210736
16776,0.0,0.9214654
16777,1.0,0.92226005
16778,1.0,0.9996024
16779,1.0,0.98550564
16780,1.0,0.982502
16781,1.0,0.9980361
16782,0.0,0.8997705
16783,1.0,0.95015955
16784,1.0,0.9770179
16785,1.0,0.995533
16786,1.0,0.9895208
16787,1.0,0.9928324
16788,1.0,0.9685686
16789,0.0,0.8607858
16790,1.0,0.94043756
16791,1.0,0.9906177
16792,1.0,0.97937906
16793,1.0,0.90813076
16794,1.0,0.9550639
16795,1.0,0.982656
16796,1.0,0.9270572
16797,1.0,0.997875
16798,1.0,0.92241096
16799,1.0,0.99943584
16800,1.0,0.9439401
16801,1.0,0.9829747
16802,1.0,0.9543747
16803,1.0,0.99340314
16804,0.0,0.9452146
16805,1.0,0.9494317
16806,0.0,0.94991404
16807,1.0,0.9995209
16808,0.0,0.99284196
16809,1.0,0.9826481
16810,1.0,0.7722485
16811,1.0,0.73648685
16812,1.0,0.6318926
16813,1.0,0.9850086
16814,0.0,0.9584739
16815,1.0,0.8755677
16816,1.0,0.9480519
16817,1.0,0.9017016
16818,1.0,0.9957371
16819,0.0,0.983011
16820,0.0,0.9342722
16821,1.0,0.88255596
16938,0.0,0.82763225
16959,1.0,0.99997187
16960,1.0,0.9999927
16961,1.0,0.99996793
16962,1.0,0.9999106
16963,1.0,0.9999968
16964,1.0,0.99999404
16965,1.0,0.99997735
16966,1.0,0.99999726
16967,1.0,0.9999976
16968,1.0,0.9999902
16969,1.0,0.9999988
16970,1.0,0.9999995
16971,1.0,0.9997305
16972,1.0,0.999864
16973,1.0,0.9999995
16974,1.0,0.999998
16975,1.0,0.99971145
16976,1.0,0.9999099
16977,1.0,0.99988544
16978,1.0,0.9999702
16979,1.0,0.9999999
16980,1.0,0.9999999
16981,1.0,0.9995664
16982,1.0,0.99982184
16985,1.0,0.9999968
16986,1.0,0.9999912
16987,1.0,0.99988747
16988,1.0,0.9998938
16989,1.0,0.99996614
16990,1.0,0.9999856
16994,1.0,0.9999598
16995,1.0,0.99998903
16996,1.0,0.99979526
16999,1.0,0.99994195
17297,1.0,0.9821764
17298,1.0,0.9950832
17299,1.0,0.976914
17300,1.0,0.9922053
17301,1.0,0.99900997
17302,1.0,0.9996007
17303,1.0,0.8257533
17304,1.0,0.9995396
17305,1.0,0.9993445
17306,1.0,0.61588705
17307,1.0,0.49706027
17308,0.0,0.7551994
17309,1.0,0.6436897
17310,1.0,0.9809926
17311,0.0,0.3724656
17312,1.0,0.767096
17313,1.0,0.696095
17314,0.0,0.332503
17315,1.0,0.93273216
17316,1.0,0.9845974
17317,1.0,0.8877385
17318,1.0,0.80154544
17319,1.0,0.6158624
17320,1.0,0.4358385
17321,1.0,0.50434536
17322,1.0,0.69457734
17323,1.0,0.8853603
17324,1.0,0.6641011
17325,1.0,0.8620149
17326,1.0,0.74862456
17327,1.0,0.69039184
17328,1.0,0.9460049
17329,1.0,0.9881421
17330,1.0,0.99987817
17331,1.0,0.9991374
17332,0.0,0.99962354
17333,1.0,0.99946004
17334,1.0,0.4588152
17335,1.0,0.8292576
17336,1.0,0.77015716
17337,1.0,0.7942752
17338,1.0,0.53978014
17339,1.0,0.99897623
17340,1.0,0.83967847
17341,1.0,0.92494047
17342,1.0,0.9486718
17343,1.0,0.8937859
17344,1.0,0.9987362
17345,1.0,0.96495885
17346,1.0,0.9702355
17347,1.0,0.99402255
17348,1.0,0.74185705
17349,1.0,0.95970666
17350,0.0,0.5418472
17351,1.0,0.29621285
17352,1.0,0.98174286
17353,0.0,0.7519697
17354,1.0,0.78868574
17355,1.0,0.97743666
17356,1.0,0.9190911
17357,1.0,0.7727243
17358,1.0,0.6408719
17359,1.0,0.9724249
17360,1.0,0.97969794
17361,1.0,0.96583563
17362,1.0,0.9996326
17363,1.0,0.98946035
17364,0.0,0.84953624
17365,1.0,0.9512376
17366,1.0,0.96608424
17367,1.0,0.91541374
17368,1.0,0.9364974
17369,0.0,0.9131568
17370,0.0,0.9291968
17371,0.0,0.9911317
17372,1.0,0.98581254
17373,1.0,0.9812572
17374,1.0,0.98187697
17375,1.0,0.9472907
17376,1.0,0.9435063
17377,1.0,0.99892175
17378,1.0,0.9864226
17379,1.0,0.8967936
17380,1.0,0.9554688
17381,1.0,0.9993468
17382,1.0,0.8553853
17383,1.0,0.98156655
17384,1.0,0.9994974
17385,1.0,0.99894625
17386,1.0,0.9719773
17387,1.0,0.98523337
17388,0.0,0.91893315
17389,1.0,0.963624
17390,1.0,0.87972784
17391,1.0,0.8811865
17392,1.0,0.9590598
17393,1.0,0.929363
17394,1.0,0.93556136
17395,1.0,0.9817545
17396,1.0,0.85739046
17397,1.0,0.9823345
17398,0.0,0.98994327
17399,1.0,0.97927123
17400,1.0,0.85808563
17401,0.0,0.95582044
17402,1.0,0.96303767
17403,1.0,0.9736304
17404,0.0,0.73533
17405,1.0,0.7526048
17406,1.0,0.88202137
17407,1.0,0.6115464
17408,1.0,0.96317524
17409,1.0,0.9637658
17410,1.0,0.76306385
17411,0.0,0.7809689
17412,0.0,0.7522758
17413,1.0,0.79291785
17414,1.0,0.81848943
17415,0.0,0.90838504
17416,1.0,0.94928503
17417,1.0,0.79070526
17418,1.0,0.9215827
17419,1.0,0.81991136
17420,1.0,0.96466434
17421,1.0,0.93764406
17422,1.0,0.996673
17423,1.0,0.7867131
17424,1.0,0.9698202
17425,1.0,0.99856144
17426,0.0,0.338138
17427,1.0,0.6468119
17428,0.0,0.24654116
17429,0.0,0.7241239
17430,1.0,0.91428465
17431,1.0,0.85918325
17432,0.0,0.72288513
17433,1.0,0.40927824
17434,0.0,0.4479953
17435,0.0,0.9124463
17436,1.0,0.875483
17437,0.0,0.90889233
17438,0.0,0.7666543
17439,0.0,0.67094344
17440,1.0,0.733384
17441,1.0,0.8568035
17442,0.0,0.9140516
17443,1.0,0.8046121
17444,1.0,0.63290685
17445,0.0,0.5953065
17446,1.0,0.34200537
17447,0.0,0.73502004
17448,0.0,0.4001293
17449,1.0,0.61044854
17450,1.0,0.8045821
17451,0.0,0.88239497
17452,1.0,0.94591767
17453,0.0,0.42169923
17454,0.0,0.9392436
17455,0.0,0.73849297
17456,1.0,0.4387928
17457,0.0,0.85319716
17458,1.0,0.8976571
17459,1.0,0.56440383
17460,0.0,0.8230059
17461,1.0,0.8744936
17462,1.0,0.9309087
17463,1.0,0.79608816
17464,1.0,0.37384048
17465,0.0,0.5165149
17466,0.0,0.71261346
17467,1.0,0.88036275
17468,1.0,0.89293486
17469,1.0,0.9029783
17470,0.0,0.81385547
17471,0.0,0.737191
17472,0.0,0.29162335
17473,1.0,0.5003345
17474,1.0,0.8627385
17475,1.0,0.8705194
17476,0.0,0.74033606
17477,1.0,0.72884303
17478,1.0,0.4944638
17479,0.0,0.8481969
17480,1.0,0.8694467
17481,0.0,0.60171586
17482,1.0,0.9519196
17483,1.0,0.82035947
17484,0.0,0.23862794
17485,0.0,0.7846856
17486,1.0,0.94777817
17487,0.0,0.7153947
17488,0.0,0.6976919
17489,1.0,0.88042974
17490,1.0,0.9617927
17491,1.0,0.84941375
17492,0.0,0.90226346
17493,0.0,0.5292178
17494,0.0,0.5518938
17495,1.0,0.87611604
17496,0.0,0.86309195
17497,0.0,0.3113425
17498,1.0,0.86664456
17499,1.0,0.30742404
17500,1.0,0.91510814
17501,0.0,0.4362108
17502,1.0,0.30266914
17503,1.0,0.595811
17504,1.0,0.72344023
17505,0.0,0.7853623
17506,0.0,0.5673052
17507,1.0,0.5003854
17508,1.0,0.7165724
17509,1.0,0.71052945
17510,0.0,0.57628274
17511,0.0,0.71234506
17512,1.0,0.96911937
17513,1.0,0.8241882
17514,1.0,0.8818565
17515,1.0,0.64452994
17516,1.0,0.7107865
17517,1.0,0.86774695
17518,0.0,0.78459036
17519,1.0,0.7685921
17520,1.0,0.75506914
17521,1.0,0.9496243
17522,1.0,0.3724616
17523,0.0,0.50108814
17524,1.0,0.8433565
17525,1.0,0.7562658
17526,1.0,0.85318816
17527,0.0,0.77814186
17528,1.0,0.6529978
17529,1.0,0.8216231
17530,0.0,0.21911117
17531,0.0,0.5902436
17532,0.0,0.48144373
17533,1.0,0.77975315
17534,1.0,0.65035343
17535,0.0,0.8622988
17536,1.0,0.42871097
17537,1.0,0.7085623
17538,1.0,0.9193733
17539,0.0,0.9063609
17540,1.0,0.7247705
17541,1.0,0.73359823
17542,1.0,0.8064381
17543,1.0,0.94446707
17544,1.0,0.7080938
17545,0.0,0.88376546
17546,1.0,0.8846684
17547,1.0,0.97155285
17548,1.0,0.7622345
17549,1.0,0.9074634
17550,1.0,0.68417954
17551,1.0,0.7347359
17552,1.0,0.999835
17553,1.0,0.99985397
17556,1.0,0.99472517
17557,1.0,0.990311
17558,1.0,0.9970906
17559,1.0,0.9998871
17560,1.0,0.9858921
17561,1.0,0.9948913
17562,1.0,0.98627
17563,1.0,0.9841173
17564,1.0,0.9036268
17565,1.0,0.91811264
17566,1.0,0.99480057
17567,1.0,0.96695083
17568,1.0,0.999456
17569,1.0,0.9798339
17570,1.0,0.9889181
17571,1.0,0.7301137
17572,1.0,0.79586613
17573,1.0,0.99846447
17574,1.0,0.98653525
17575,1.0,0.99282235
17576,1.0,0.99994206
17577,1.0,0.8211339
17578,1.0,0.9166254
17579,1.0,0.84620196
17580,1.0,0.8819096
17581,1.0,0.75420016
17582,1.0,0.8700802
17583,1.0,0.9475527
17584,1.0,0.7410092
17585,1.0,0.85944396
17586,1.0,0.83476555
17587,1.0,0.9015596
17588,1.0,0.83228445
17589,1.0,0.85698307
17590,1.0,0.9611889
17591,1.0,0.8443439
17592,0.0,0.42084157
17593,0.0,0.65993166
17594,0.0,0.44079328
17595,0.0,0.90397865
17596,0.0,0.43738478
17597,0.0,0.903979
17598,1.0,0.6193055
17599,0.0,0.91225183
17600,1.0,0.87639093
17601,1.0,0.8196767
17602,0.0,0.017321201
17603,0.0,0.35596988
17604,0.0,0.35621318
17605,0.0,0.25836912
17606,0.0,0.48297033
17607,0.0,0.48296726
17608,0.0,0.36759052
17609,0.0,0.55773646
17610,0.0,0.3853215
17611,0.0,0.264125
17612,0.0,0.3702374
17613,0.0,0.028090581
17614,0.0,0.014529057
17615,0.0,0.036298946
17616,0.0,0.41233096
17617,0.0,0.2990722
17618,0.0,0.5046852
17619,0.0,0.2292626
17620,0.0,0.19801794
17621,0.0,0.4326336
17622,0.0,0.45652208
17623,0.0,0.27818695
17624,0.0,0.9235449
17625,0.0,0.8779744
17626,0.0,0.6892178
17627,0.0,0.5471257
17628,0.0,0.29763135
17629,0.0,0.30373996
17630,0.0,0.28216922
17631,0.0,0.3757497
17632,0.0,0.5972546
17633,0.0,0.86363316
17634,0.0,0.83818716
17635,0.0,0.9216076
17636,0.0,0.85734445
17637,1.0,0.28299594
17638,1.0,0.4365504
17639,1.0,0.4365487
17640,0.0,0.6777411
17641,0.0,0.41151798
17642,0.0,0.37053025
17643,0.0,0.33896664
17644,0.0,0.31443903
17645,0.0,0.58952737
17646,0.0,0.78607625
17647,0.0,0.9147664
17648,0.0,0.4587399
17649,0.0,0.3787454
17650,1.0,0.89902836
17651,1.0,0.9018189
17652,1.0,0.8319765
17653,1.0,0.93052846
17654,1.0,0.8849075
17655,1.0,0.7095901
17656,1.0,0.67271346
17657,1.0,0.81335056
17658,1.0,0.7414403
17659,0.0,0.77861613
17660,0.0,0.711228
17661,0.0,0.049434625
17662,0.0,0.05124306
17663,0.0,0.019664759
17664,1.0,0.81986463
17665,0.0,0.5061039
17666,0.0,0.7360094
17667,0.0,0.8287893
17668,0.0,0.69111925
17669,0.0,0.9302285
17670,0.0,0.79341406
17671,0.0,0.7654627
17672,0.0,0.00997429
17673,0.0,0.02203414
17674,0.0,0.022034643
17675,0.0,0.029556744
17676,0.0,0.02955736
17677,0.0,0.09146487
17678,0.0,0.103151254
17679,0.0,0.05563715
17680,0.0,0.026057642
17681,0.0,0.8111799
17682,0.0,0.86277467
17683,0.0,0.39826363
17684,0.0,0.5638202
17685,0.0,0.34673792
17686,0.0,0.2706113
17687,0.0,0.21251476
17688,0.0,0.21816733
17689,0.0,0.5845276
17690,0.0,0.5464482
17691,0.0,0.47553772
17692,0.0,0.28165063
17693,0.0,0.33800715
17694,1.0,0.58520615
17695,1.0,0.75438315
17696,1.0,0.9375312
17697,0.0,0.8430297
17698,1.0,0.9132881
17699,0.0,0.12848422
17700,1.0,0.8544337
17701,0.0,0.44011858
17702,0.0,0.25490648
17703,0.0,0.17227367
17704,0.0,0.55562073
17705,0.0,0.39751822
17706,0.0,0.39975387
17707,1.0,0.69509923
17708,0.0,0.35232124
17709,0.0,0.33285853
17710,0.0,0.5882961
17711,1.0,0.56246316
17712,0.0,0.5096802
17713,0.0,0.5206329
17714,0.0,0.78000057
17715,0.0,0.13678308
17716,1.0,0.20203249
17717,1.0,0.21844828
17718,0.0,0.13230291
17719,0.0,0.010933542
17720,0.0,0.5589424
17721,0.0,0.017186958
17722,0.0,0.013775262
17723,0.0,0.020062253
17724,0.0,0.40814766
17725,0.0,0.31751585
17726,0.0,0.3516446
17727,0.0,0.72843915
17728,0.0,0.36136997
17729,0.0,0.5154332
17730,0.0,0.63382083
17731,1.0,0.372709
17732,1.0,0.47238058
17733,0.0,0.26383123
17734,0.0,0.23387375
17735,0.0,0.14238872
17736,0.0,0.43830752
17737,0.0,0.35987994
17738,0.0,0.15811604
17739,0.0,0.010650415
17740,0.0,0.018351594
17741,1.0,0.2900965
17742,1.0,0.20258611
17743,0.0,0.15129675
17744,0.0,0.10929312
17745,0.0,0.46931702
17746,0.0,0.51175475
17747,0.0,0.49474323
17748,0.0,0.58743566
17749,1.0,0.83335763
17750,0.0,0.75353557
17930,1.0,0.9943381
17931,1.0,0.9998722
17947,1.0,0.9992854
17948,1.0,0.9999485
17949,1.0,0.9999819
17950,1.0,0.9999939
17951,1.0,0.99998844
17952,1.0,0.9999964
17953,1.0,0.99998176
17954,1.0,0.9996451
17955,1.0,0.9999764
17956,1.0,0.9999974
17957,1.0,0.99999917
17958,1.0,0.99999905
17959,1.0,0.9902361
17960,1.0,0.99999154
17961,1.0,0.9999938
17962,1.0,0.99999845
17963,1.0,0.99999976
17964,1.0,0.99988604
17965,1.0,0.99999917
17966,1.0,0.9999566
17967,1.0,0.99998426
17968,1.0,0.98955834
17969,1.0,0.99939966
17970,1.0,0.9999995
17971,1.0,0.99999964
17972,1.0,0.9999999
17973,1.0,0.9999598
17974,1.0,0.99991715
17975,1.0,0.99999344
17976,1.0,0.9999999
17977,1.0,0.99999964
17978,1.0,0.99999976
17979,1.0,0.99993324
17980,1.0,0.99999905
17981,1.0,0.9999995
17982,1.0,0.9995653
17983,1.0,0.99978274
17984,1.0,0.9999958
17985,1.0,0.9999962
17986,1.0,0.9999976
17987,1.0,0.9999963
17988,1.0,0.9999945
17989,1.0,0.9999919
17990,1.0,0.9999975
17991,1.0,0.99999666
17992,1.0,0.9999964
17993,1.0,0.99979264
17994,1.0,0.9999018
17995,1.0,0.99999213
17996,1.0,0.99999535
17997,1.0,0.99972695
17998,1.0,0.9999999
17999,1.0,0.9999999
18000,1.0,0.9999999
18001,1.0,0.9999999
18002,1.0,0.99999976
18003,1.0,0.9999999
18004,1.0,0.99999166
18005,1.0,0.9999994
18006,1.0,0.9996486
18007,1.0,1.0
18008,1.0,0.99954945
18009,1.0,0.99997675
18010,1.0,1.0
18011,1.0,0.999882
18012,1.0,0.99999905
18013,1.0,0.99999976
18014,1.0,0.9999999
18015,1.0,0.9999995
18016,1.0,0.9999995
18017,1.0,0.9999995
18018,1.0,0.9999676
18019,1.0,0.9999999
18020,1.0,0.9999913
18021,1.0,0.9999995
18022,1.0,0.9999987
18023,1.0,0.9999752
18024,1.0,0.99999726
18025,1.0,0.9999999
18026,1.0,0.99999905
18027,1.0,0.99997365
18028,1.0,0.9999666
18029,1.0,0.99994123
18030,1.0,0.99998546
18031,1.0,0.99969363
18032,1.0,0.99991834
18033,1.0,0.9999999
18034,1.0,0.99999595
18035,1.0,0.99996245
18036,1.0,0.99983287
18037,1.0,0.99983394
18038,1.0,0.99983037
18039,1.0,0.99999845
18040,1.0,0.99994624
18041,1.0,0.9999999
18042,1.0,0.9999678
18043,1.0,0.99954706
18044,1.0,0.9999596
18045,1.0,0.9999925
18046,1.0,0.9996637
18047,1.0,0.9999993
18048,1.0,0.99999976
18049,1.0,0.9999937
18050,1.0,0.9997893
18051,1.0,0.99940634
18052,1.0,0.99998534
18053,1.0,0.9997009
18054,1.0,0.99707234
18055,1.0,0.9998733
18056,1.0,0.99973756
18057,1.0,0.9923388
18058,1.0,0.9931773
18059,1.0,0.99953914
18060,1.0,0.9993711
18061,1.0,0.9961868
18062,1.0,0.9994332
18063,1.0,0.9974323
18064,1.0,0.9210102
18065,1.0,0.99894994
18066,1.0,0.99836415
18067,1.0,0.7687233
18068,1.0,0.92633814
18069,1.0,0.94239295
18070,1.0,0.8863878
18071,1.0,0.997053
18072,1.0,0.90428054
18073,1.0,0.97359437
18074,1.0,0.9987685
18075,1.0,0.9893986
18076,1.0,0.9246325
18077,1.0,0.9996476
18078,1.0,0.80654925
18079,1.0,0.9641876
18080,1.0,0.99672145
18081,1.0,0.9773352
18082,0.0,0.6472147
18083,1.0,0.9968906
18084,1.0,0.9962058
18085,0.0,0.59139895
18086,1.0,0.9959067
18087,1.0,0.9296655
18088,1.0,0.9997857
18089,1.0,0.9884165
18090,1.0,0.9980282
18091,1.0,0.9967277
18092,1.0,0.8802606
18093,1.0,0.9986994
18094,1.0,0.99996173
18095,1.0,0.9977506
18096,1.0,0.9913318
18097,1.0,0.99192154
18098,1.0,0.9866066
18099,1.0,0.99834204
18100,1.0,0.57117355
18101,1.0,0.9097973
18102,1.0,0.9341461
18103,1.0,0.99785835
18104,1.0,0.7541206
18105,1.0,0.9939219
18106,1.0,0.6089308
18107,1.0,0.94410574
18108,1.0,0.9840423
18109,1.0,0.9301608
18110,1.0,0.97536546
18111,1.0,0.8721299
18112,1.0,0.788357
18113,1.0,0.9803139
18114,1.0,0.84031016
18115,1.0,0.9889141
18116,1.0,0.90248734
18117,1.0,0.96536106
18118,1.0,0.93187505
18119,1.0,0.89515066
18120,1.0,0.97012067
18121,1.0,0.8923625
18122,1.0,0.93287915
18123,1.0,0.9461759
18124,1.0,0.96797234
18125,1.0,0.7455406
18126,1.0,0.9464605
18127,1.0,0.9087716
18128,1.0,0.9145703
18129,1.0,0.87627363
18130,1.0,0.99958795
18131,1.0,0.94571143
18132,1.0,0.9920248
18133,1.0,0.99020547
18134,1.0,0.9527466
18135,1.0,0.9993912
18136,0.0,0.6131298
18137,1.0,0.9987024
18138,1.0,0.9459972
18139,1.0,0.974578
18140,1.0,0.94990444
18141,1.0,0.94356954
18142,1.0,0.9731934
18143,1.0,0.88620883
18144,1.0,0.9978529
18145,1.0,0.9896221
18146,1.0,0.9724463
18147,1.0,0.96353763
18148,1.0,0.9674579
18149,1.0,0.9350385
18150,1.0,0.89679193
18151,1.0,0.9540573
18152,1.0,0.9355907
18153,1.0,0.9827732
18154,1.0,0.97209984
18155,1.0,0.9128232
18156,1.0,0.9448998
18157,1.0,0.95067114
18158,1.0,0.7847065
18831,1.0,0.99991333
18834,1.0,0.9999999
18837,1.0,0.99999726
18838,1.0,0.9999907
18840,1.0,0.9982153
18845,1.0,0.99989116
18847,1.0,0.99999046
18848,1.0,0.9998485
18849,1.0,0.9999627
18853,1.0,0.999998
18855,1.0,0.99840504
18856,1.0,0.9884652
18858,1.0,0.999997
18859,1.0,0.96869195
18861,1.0,0.99999905
18862,1.0,1.0
18863,1.0,0.99720496
18864,1.0,0.9984806
18869,1.0,0.99992216
18876,1.0,0.9999552
18877,1.0,0.9999914
18884,0.0,0.7375915
18885,1.0,0.947904
18886,1.0,0.99996793
18887,1.0,0.9999882
18890,1.0,0.99975795
18891,1.0,0.9991559
18892,1.0,0.8358565
18893,1.0,0.99995327
18897,1.0,0.9999999
18902,1.0,0.99995434
18905,1.0,0.9975157
18906,1.0,0.99999547
18908,1.0,0.99035245
18909,1.0,0.99998724
18913,1.0,0.9998098
18915,1.0,0.9999906
18917,1.0,0.99998903
18925,1.0,0.9999726
18926,1.0,0.9999728
18929,1.0,0.9999831
18930,1.0,0.9999403
18933,1.0,0.9995933
18940,1.0,0.99998903
18941,1.0,1.0
18943,1.0,0.99478227
18944,1.0,0.9992962
18946,1.0,0.9996971
18948,1.0,0.9958912
18949,1.0,0.99807656
18951,1.0,0.99999785
18953,1.0,0.9999759
18956,1.0,0.9998752
18959,1.0,0.9997553
18960,1.0,0.99813926
18962,1.0,0.99770796
18963,1.0,0.9984328
18965,1.0,0.99966276
18966,1.0,0.99555546
18968,1.0,0.9992712
18970,1.0,0.9978884
18978,1.0,0.9999999
18979,1.0,0.9994765
18981,1.0,0.9401966
18984,1.0,0.99991095
18988,1.0,0.94390094
18989,1.0,0.9997619
18990,1.0,0.99999774
18994,1.0,0.99867946
18996,1.0,0.99955815
18998,1.0,0.99999857
18999,1.0,0.99956626
19002,1.0,0.99999344
19004,1.0,0.9991492
19009,1.0,0.9994929
19017,1.0,0.9999914
19019,1.0,0.9713429
19020,0.0,0.7657641
19025,1.0,0.9997589
19026,1.0,0.9999306
19029,1.0,0.9998122
19040,1.0,0.99999845
19041,1.0,0.9977222
19042,1.0,0.99978715
19045,1.0,0.9999453
19047,1.0,0.9999995
19053,1.0,0.9990625
19055,1.0,0.9999789
19057,1.0,0.9999994
19058,1.0,0.50458336
19062,1.0,0.9999759
19064,1.0,0.99999976
19072,1.0,0.99896395
19077,1.0,0.9989963
19078,1.0,0.99985266
19079,1.0,0.99938405
19080,1.0,0.9523724
19082,1.0,0.99999833
19085,1.0,0.9999995
19086,1.0,0.9999908
19091,1.0,0.7048151
19093,1.0,0.8782806
19094,1.0,0.99732345
19096,1.0,0.9985921
19097,1.0,1.0
19101,1.0,0.9949945
19102,1.0,0.9999676
19104,0.0,0.9993923
19105,1.0,0.9915508
19114,1.0,0.99998724
19115,1.0,0.9338041
19116,1.0,0.9808381
19117,1.0,0.9990565
19122,1.0,0.9987495
19124,1.0,0.9999696
19129,1.0,0.99999404
19133,1.0,0.999616
19134,1.0,0.99712235
19135,1.0,0.9994487
19136,1.0,0.9974898
19137,1.0,0.99997485
19138,1.0,0.9999285
19139,1.0,0.8910472
19141,1.0,0.9890181
19142,1.0,0.9219497
19144,1.0,0.9999113
19145,1.0,0.99999785
19146,1.0,0.99985373
19148,1.0,0.9999982
19152,1.0,0.9999949
19153,1.0,0.9999037
19154,1.0,0.99999774
19158,1.0,0.99993515
19160,1.0,0.9975733
19163,1.0,0.999987
19166,1.0,0.99999845
19168,1.0,0.6869616
19170,1.0,0.99993205
19173,1.0,0.9974848
19174,1.0,0.9999194
19175,1.0,0.9999918
19176,1.0,0.9997868
19178,1.0,0.99994373
19179,1.0,0.6871189
19180,1.0,0.99997914
19183,1.0,0.99704653
19188,1.0,0.99999344
19189,1.0,0.9999814
19190,1.0,0.99992394
19191,1.0,0.99944955
19194,1.0,0.9994505
19198,1.0,0.99999726
19203,1.0,0.99995136
19206,1.0,0.9999175
19209,1.0,0.9999962
19213,1.0,0.99212766
19214,1.0,0.9998876
19218,1.0,0.9996581
19221,1.0,0.9998312
19223,1.0,0.9997768
19224,1.0,0.99717987
19225,0.0,0.9810466
19228,1.0,0.99988973
19234,1.0,0.9853102
19236,1.0,0.9991358
19240,0.0,0.66577816
19241,1.0,0.99999905
19242,1.0,0.99999976
19245,1.0,0.9992248
19247,1.0,0.99977165
19248,1.0,0.99986863
19249,1.0,0.9990928
19250,1.0,0.96888286
19254,1.0,0.9002807
19261,1.0,0.9823744
19262,1.0,0.9999807
19265,1.0,0.9999976
19267,1.0,0.99991274
19270,1.0,0.9999999
19276,1.0,0.999997
19279,1.0,0.9999969
19280,1.0,0.9999212
19281,1.0,0.9991301
19282,1.0,0.99996006
19283,1.0,0.9877973
19284,1.0,0.3648294
19287,1.0,0.9997683
19288,1.0,0.95689666
19289,1.0,0.9574033
19293,1.0,0.99998784
19295,1.0,0.9999366
19297,1.0,0.99913895
19298,1.0,0.9987704
19301,1.0,0.9458583
19306,1.0,0.9999857
19307,1.0,0.9991129
19310,1.0,0.9990146
19314,1.0,1.0
19315,1.0,0.99999297
19317,1.0,0.99980766
19319,1.0,0.9999821
19320,1.0,0.8520642
19321,1.0,0.9566476
19323,1.0,0.9593714
19325,1.0,0.9999975
19326,1.0,0.99551964
19328,1.0,0.9969631
19329,1.0,0.99999857
19331,1.0,0.9994579
19338,1.0,0.99999917
19339,1.0,0.99613804
19340,1.0,0.9999993
19343,1.0,0.99999845
19346,1.0,0.99912256
19347,1.0,0.9999999
19352,1.0,0.87541723
19354,1.0,0.6998443
19358,1.0,0.9050542
19359,1.0,0.99995387
19361,1.0,0.99937755
19363,1.0,0.99999285
19365,1.0,0.8011128
19366,1.0,0.9916284
19367,0.0,0.97036684
19369,1.0,0.99996793
19370,1.0,0.99869627
19372,1.0,0.9999027
19374,1.0,0.9788913
19375,1.0,0.9868483
19377,1.0,0.9998275
19379,1.0,0.7178733
19380,1.0,0.9999945
19382,1.0,0.9999981
19384,1.0,0.99996376
19387,1.0,0.96345866
19388,0.0,0.9885179
19396,1.0,0.9899852
19397,1.0,0.9981968
19398,1.0,0.99893945
19399,1.0,0.102283426
19403,1.0,0.99984145
19405,1.0,0.9835481
19407,1.0,0.9994404
19411,0.0,0.8702725
19413,1.0,0.9958105
19414,1.0,0.9236305
19417,1.0,0.988172
19418,1.0,0.76548034
19422,1.0,0.99762577
19424,1.0,0.9999862
19429,1.0,0.9956392
19430,1.0,0.9935942
19432,1.0,0.9995763
19435,1.0,0.999673
19437,1.0,0.99788624
19449,1.0,0.99995077
19450,1.0,0.86159486
19452,1.0,0.9999194
19454,1.0,0.5634282
19456,1.0,0.997156
19457,1.0,0.9868574
19459,1.0,0.9929489
19460,1.0,0.99980074
19465,1.0,0.99997985
19466,1.0,0.99935824
19470,1.0,0.3988655
19471,0.0,0.98880494
19472,1.0,0.9994281
19477,1.0,0.9998336
19484,1.0,0.98417366
19486,1.0,0.9987379
19487,1.0,0.99999225
19489,1.0,0.9981818
19491,1.0,0.9999902
19492,1.0,0.9962477
19495,1.0,0.7456119
19498,1.0,0.9071006
19500,0.0,0.08401101
19503,1.0,0.9997917
19512,0.0,0.99479336
19518,1.0,0.9999902
19519,1.0,0.9394603
19521,0.0,0.9861769
19522,1.0,0.9985147
19525,0.0,0.8183274
19526,1.0,0.9707171
19528,1.0,0.9999993
19529,1.0,0.9999994
19531,1.0,0.9941322
19533,1.0,0.9999995
19534,1.0,0.97607476
19535,1.0,0.99999976
19540,1.0,0.9998097
19542,1.0,0.9998067
19543,1.0,0.9172098
19545,0.0,0.9306668
19546,1.0,0.99997854
19553,0.0,0.89756006
19554,0.0,0.7267218
19556,1.0,0.9220138
19557,1.0,0.9998864
19559,0.0,0.9884193
19560,1.0,0.99975365
19561,1.0,0.9999846
19563,1.0,0.970053
19564,1.0,0.99995613
19567,1.0,0.99965763
19568,1.0,0.9999908
19571,1.0,0.9999281
19572,1.0,0.9984674
19578,1.0,0.9988187
19579,1.0,0.9996742
19580,1.0,0.9997552
19586,1.0,0.99976736
19587,1.0,0.9989825
19594,1.0,0.99998283
19596,1.0,0.9981668
19599,0.0,0.44102567
19601,1.0,0.9998677
19602,1.0,0.872865
19607,1.0,0.999723
19611,1.0,0.9999813
19614,0.0,0.9954051
19615,1.0,0.9988991
19616,1.0,0.9962064
19618,1.0,0.9999373
19619,1.0,0.9999691
19627,1.0,0.9999558
19639,0.0,0.91802603
19640,1.0,0.98436654
19642,1.0,0.96593827
19644,1.0,0.9993979
19645,1.0,0.99994063
19647,1.0,0.99993956
19649,1.0,0.99998534
19650,1.0,0.9999317
19651,1.0,0.99996877
19652,1.0,0.9518222
19655,1.0,0.99860954
19667,1.0,0.999343
19668,1.0,0.99730515
19669,1.0,0.9991678
19670,0.0,0.70177925
19671,1.0,0.99966407
19672,1.0,0.9891537
19673,1.0,0.9979898
19678,1.0,0.9993228
19681,1.0,0.9996971
19682,1.0,0.99999917
19684,1.0,0.99996066
19686,1.0,0.91553134
19690,1.0,0.99997795
19692,1.0,0.8634674
19694,1.0,0.9996927
19697,1.0,0.99999547
19701,1.0,0.9992988
19703,1.0,0.99999475
19704,1.0,0.9997899
19707,0.0,0.99781287
19711,1.0,0.99972636
19713,1.0,0.9999356
19715,1.0,0.9748164
19716,1.0,0.99706143
19717,0.0,0.4360861
19719,1.0,0.99999976
19720,1.0,0.9969938
19721,1.0,0.9982116
19722,1.0,0.97413105
19726,0.0,0.997122
19729,1.0,0.9999193
19730,1.0,0.9999951
19733,1.0,0.99994195
19735,1.0,0.9998599
19737,1.0,0.9996742
19739,1.0,0.99992025
19740,0.0,0.9890342
19742,1.0,0.9994031
19745,1.0,0.99894017
19749,1.0,0.99998283
19752,1.0,0.9999987
19753,1.0,0.99873227
19756,1.0,0.97688204
19759,1.0,0.99998856
19762,1.0,0.9986125
19763,1.0,0.7983007
19766,1.0,0.9996164
19773,1.0,0.990253
19776,1.0,0.99997723
19778,1.0,0.9999999
19789,1.0,0.99983263
19790,0.0,0.99703884
19792,1.0,0.9997968
19796,1.0,0.9997651
19797,1.0,0.9999994
19798,1.0,0.8802955
19803,1.0,0.999474
19804,1.0,0.9984322
19807,0.0,0.9951657
19808,1.0,0.9999988
19811,1.0,0.9998951
19820,1.0,0.9997774
19823,1.0,0.99999714
19830,1.0,0.99992085
19832,1.0,0.999742
19834,1.0,0.9998559
